41 4248
85 3533
94 3128
61 5224
93 3393
81 4225
85 4062
82 1922
32 2966
37 3767
77 4324
43 3691
30 2961
12 4906
67 2640
75 5392
13 4192
85 4294
71 3068
97 2173
51 3965
62 2898
31 5337
24 3305
51 5334
68 4014
99 2562
6 2550
57 2612
23 5416
62 2670
89 2179
23 2133
66 2002
39 4468
38 5020
54 4324
25 4298
14 4094
73 3926
16 1967
80 3130
80 2731
12 1888
37 4967
71 4316
8 4192
3 3194
73 5566
64 3826
11 5272
28 3200
72 4446
17 5144
21 3550
35 2751
28 2836
87 4071
14 2526
57 5174
52 3819
21 2712
26 5026
21 2922
48 3995
11 2036
74 2967
79 3687
33 3707
68 3051
6 5131
45 4764
52 2599
25 3035
92 5175
26 2903
28 4511
1 5019
47 2230
13 1928
33 4203
97 5380
29 3699
20 2603
27 3223
95 4315
48 5310
74 3505
35 4276
24 2561
63 5209
5 4661
25 3673
16 5230
74 2737
96 2775
24 4984
13 2255
74 4612
23 4555
