92 2400
38 3238
33 2629
13 3704
24 2153
44 3176
84 3450
37 3491
74 2684
89 2449
83 2607
58 2402
10 2200
36 2760
13 2265
15 3193
24 3907
84 3659
63 2724
97 2251
25 3019
2 2843
9 2198
33 2172
27 3180
98 2934
46 3833
99 3659
14 3482
62 2296
44 3421
66 3587
90 3258
17 3310
3 3278
77 3429
51 2213
25 2373
42 2563
11 3627
87 3477
18 2395
8 3765
46 3383
95 3996
83 2632
96 2716
10 3636
74 3341
25 2909
73 3899
23 3130
32 3860
77 3023
31 2349
91 3556
44 3079
78 2462
32 2794
60 2980
21 3262
30 2988
10 2156
19 3806
100 3220
68 2723
91 2796
62 3075
45 2976
26 3022
63 2817
26 2349
91 2218
14 3828
90 3388
25 3724
88 3435
94 2220
23 2403
28 2956
7 3356
53 2915
78 3799
60 2604
24 2430
36 3825
97 3344
21 3920
51 2621
34 3811
58 2912
74 2458
68 3581
59 2984
34 3851
99 3944
31 3275
72 3848
80 2414
39 2330
