91 1731
31 2324
49 2315
78 1593
64 1876
71 1834
57 2213
49 2263
54 1703
40 2146
90 2549
29 2553
24 1776
27 2284
90 2349
76 1693
41 2418
59 2548
55 1584
29 2444
79 1558
36 1680
84 2182
44 1956
12 1764
45 1681
12 1863
3 1949
44 1689
26 2513
15 1568
24 2324
36 1996
17 1748
40 1995
84 2084
54 2543
98 2334
26 2530
32 2544
93 1686
83 2096
84 2274
77 1823
12 2240
23 2063
19 1654
8 1983
58 2501
51 1985
58 1803
89 1555
52 2409
71 2005
20 2187
77 2316
61 1648
52 2472
67 2549
42 2386
27 2100
50 1876
7 2202
28 2515
15 2467
72 2031
96 1739
1 2270
18 2397
72 2423
54 1842
55 2379
69 2441
41 1978
87 1691
79 1825
38 2427
67 2166
66 2379
63 1634
71 1596
59 1855
66 2537
80 2442
80 2225
88 2089
34 2433
5 2170
61 1604
47 1771
12 1860
87 2534
77 2338
86 2449
39 1904
36 2279
72 1619
86 2392
8 2073
69 1991
