11 3118
35 1395
8 1181
28 4356
34 539
26 0
63 2350
65 0
6 2134
27 3400
19 2049
61 1889
57 1666
34 578
55 3799
81 0
32 2064
14 2762
3 1165
42 0
67 2341
78 519
93 53
85 2310
55 4149
94 2049
84 1512
15 906
87 4601
84 0
34 2395
19 1854
56 1365
11 469
31 4600
83 2234
45 1200
76 3004
26 2389
15 4238
28 4371
95 2231
59 606
62 0
38 1255
44 2370
93 931
42 4599
68 0
92 4341
48 3744
70 4412
52 3185
74 2576
74 751
100 3257
36 944
65 2376
28 131
85 3404
75 2293
57 1154
73 2518
56 2357
93 679
19 1565
74 3851
14 2628
38 4107
90 1228
66 4110
63 1792
18 1315
76 0
71 1780
74 2495
10 0
9 3974
79 4418
38 3327
7 978
45 1607
11 0
91 3230
4 0
27 2913
82 75
96 136
75 941
43 3076
12 1488
86 1553
67 1277
38 1026
13 997
60 2601
14 0
65 0
56 1375
74 0
