82 2498
35 2430
5 2729
43 2477
55 2661
62 2910
95 2922
38 3002
77 2421
91 2910
77 3160
2 2848
48 2986
26 2865
40 2474
11 3351
21 2527
64 2580
86 2436
2 3159
41 2720
58 3230
36 2985
42 2782
73 2481
41 2586
68 3276
99 3359
61 2945
94 3071
25 2484
5 3057
16 2513
63 2943
8 3005
12 3246
50 2615
77 2741
89 2624
98 2423
23 2682
42 2597
18 2965
10 3142
52 2592
56 3075
70 2871
65 3016
57 2712
45 3343
20 3260
92 2611
55 3350
33 2643
70 3124
23 2900
95 2530
72 3187
53 2645
67 2525
74 2505
4 2906
18 2962
98 2550
34 2962
22 3082
58 2927
68 2753
27 2751
70 2610
6 2844
69 2516
59 3142
70 2625
81 2974
2 2617
94 2915
57 3320
46 3279
15 3128
67 3136
63 2469
39 3381
8 3090
87 2653
71 3265
37 2580
55 2865
19 2724
76 2970
35 2941
79 2538
57 3276
41 3248
6 2592
16 3129
1 3094
11 2525
25 2457
38 2503
