5 2547
48 1179
14 1862
33 2449
30 2378
67 2096
97 1765
5 2157
66 1227
55 1808
23 1319
72 2189
96 997
21 2305
49 2481
30 1557
26 1680
43 1980
30 973
56 2388
66 1097
34 2126
20 1577
85 1173
30 1213
15 1240
90 1028
36 1096
89 1514
76 1414
94 2271
65 2331
75 1988
51 2562
100 2072
60 2279
72 1213
36 2618
8 2196
24 1566
82 1804
39 2297
99 2244
100 1878
36 2613
13 1961
48 2672
93 1056
7 1403
7 1555
75 1934
35 1844
10 2332
41 1638
70 1669
6 1628
19 979
24 1553
6 2135
20 2565
9 1024
42 1651
23 2215
21 2048
34 2312
15 1464
55 1798
24 1035
44 1965
6 1285
48 1715
39 1692
13 1793
62 1011
60 1367
13 2145
73 1789
48 1558
17 2467
15 2328
98 1172
41 1310
30 932
72 2610
21 2549
8 2188
34 1018
34 1094
1 1251
29 2025
46 2172
51 1484
81 1425
94 1694
24 1859
68 2176
87 1866
78 1298
47 2250
46 1294
