55 1023
80 2511
10 1910
99 2819
100 2110
21 2840
29 2224
89 2291
72 1385
11 1690
25 1639
31 1960
60 2139
68 1578
5 1518
18 1528
14 2765
33 1831
25 2217
15 2700
27 1558
20 2423
45 2833
80 1189
85 2459
61 2291
58 1719
86 2546
73 1442
51 2165
82 1546
66 2043
21 2728
19 2248
75 2538
25 2760
6 2303
58 1918
17 1302
8 1818
30 1840
24 2002
89 1683
95 2003
21 1514
63 1201
7 2420
53 2175
83 1168
55 2002
94 1899
49 2829
59 2252
17 2193
6 1266
72 1355
84 1322
15 1189
3 1088
31 1512
11 1279
94 2470
94 1240
54 1795
74 1879
17 2052
35 2352
22 2606
34 1772
32 1342
75 1061
24 1364
28 1739
41 2012
18 1206
17 1082
42 1676
74 1971
72 2140
63 1912
75 1691
67 2722
72 1825
15 2499
85 1571
17 2103
68 2846
99 2711
42 1527
27 2766
2 1242
89 1029
5 1984
63 1469
63 2832
86 2094
97 1705
87 1838
22 1475
13 1387
