84 2743
73 967
99 0
45 2186
25 160
2 1368
84 0
33 1072
42 2064
1 3071
62 1743
81 728
82 4538
59 0
68 4541
29 1290
48 3921
62 903
96 4492
11 3335
59 343
66 2180
68 2357
42 3616
18 1674
99 979
57 2642
36 2437
26 0
9 596
68 0
98 4331
93 2396
57 4248
86 1305
84 394
68 429
15 1334
76 88
29 1849
21 2241
1 3168
1 4433
59 421
61 0
57 2882
83 0
46 473
35 4619
56 398
61 3284
21 4658
94 3042
36 4533
25 86
100 0
49 103
41 0
28 4540
63 69
64 1454
64 3694
25 3681
97 667
57 418
51 4628
9 737
46 4161
48 1486
32 0
35 3441
46 2366
26 4108
57 1726
81 455
66 0
93 963
78 4106
1 2857
93 0
49 1829
34 505
17 1269
84 1925
92 850
25 2692
93 1725
3 4609
57 0
26 0
57 4495
6 234
36 3037
53 3230
67 1610
3 2940
86 4583
55 3480
87 1201
31 2439
