60 4404
62 4590
74 5016
54 4371
87 4641
6 4086
32 4447
97 2160
28 6136
2 6025
94 2201
80 6115
51 5522
73 2865
52 4443
94 4509
28 4205
21 3055
25 3628
24 5331
89 4175
24 5230
50 6060
25 2380
48 2688
36 4304
7 5906
78 5635
32 3698
99 5591
61 3810
7 3691
10 4136
50 4061
41 4092
27 4460
91 5139
16 4761
66 4414
12 2654
77 5387
33 2335
3 3089
93 2676
57 3170
42 6188
61 2737
10 2317
24 3165
98 5987
16 5077
26 4912
87 3823
38 4046
73 5504
93 4246
92 3600
94 4239
51 3504
88 5868
59 2882
34 3893
17 2988
29 4272
51 3222
80 3338
33 5303
12 5796
32 2641
94 5201
66 5367
68 2082
92 6007
65 2839
97 5063
41 5831
95 2894
32 4174
34 4780
72 2455
40 5624
46 4486
4 5414
14 4642
29 3001
100 5185
53 4582
65 4302
9 6111
53 2979
53 3467
48 2229
13 3716
78 3373
73 3195
94 5337
37 5727
17 5432
92 4981
93 3735
