34 1724
35 4325
77 4299
76 1991
41 2268
36 2489
88 2539
1 3743
57 2229
76 3452
21 3765
17 2651
83 3415
7 3303
79 3523
35 4477
81 2683
49 4464
26 2572
39 2151
90 2959
24 3583
92 2327
21 2017
60 3079
56 3468
36 1562
7 3632
69 2019
81 3430
27 2224
53 4131
4 3175
82 3674
11 3020
36 1662
100 4431
20 3765
1 1776
55 1971
93 4419
20 2676
16 3390
9 3604
49 2158
27 3136
25 3744
72 4047
53 2002
20 3063
13 4150
37 3797
75 3190
47 1733
23 1817
37 4366
88 3499
56 4495
74 2148
34 3567
69 2009
68 4336
51 2963
9 3443
90 4421
63 2341
77 4341
96 2326
44 2145
60 1730
33 2916
27 2694
52 1517
56 2072
37 4387
94 3031
89 2156
79 4153
83 1552
38 2689
93 3439
33 3450
62 2576
41 3737
55 2044
39 1532
22 2182
50 4346
10 2098
45 4342
94 2268
48 2638
70 3215
16 2664
86 3894
85 2903
8 1676
40 2942
93 2461
48 2690
