11 3632
100 3970
11 3176
100 3408
41 4260
29 4955
73 4580
5 3412
65 3770
89 4249
51 4167
45 4705
43 3458
8 4396
97 3798
90 5249
86 4238
68 3944
58 4521
35 4227
57 4852
3 5140
49 3483
67 4900
7 4782
7 4129
26 3850
69 4140
28 3971
26 3845
95 3180
75 4542
14 5144
50 4959
69 4584
48 3580
18 3697
92 4344
36 4953
66 4597
93 5176
54 3629
80 4824
87 3727
43 5237
100 3663
91 4785
77 4579
94 5200
19 4133
97 4964
54 5069
96 3445
41 3248
64 5104
73 4945
55 4917
31 5055
65 5141
53 3390
17 5157
36 3480
88 3439
78 4197
17 3643
86 5126
15 3620
44 4614
58 4728
99 3250
50 5112
40 4958
50 4256
65 4406
53 4660
99 4091
10 4812
20 3356
51 3951
69 3750
31 3800
96 3284
85 4382
69 4465
55 3655
10 3596
20 3652
81 3899
75 4371
23 3773
25 3561
77 4734
10 4188
45 4033
64 4428
1 3357
7 3420
31 3444
33 3379
1 3345
