26 3033
47 2394
92 2758
40 2438
79 2952
52 2363
12 2964
90 2787
18 3130
77 2862
7 2818
46 3062
4 2850
54 2383
73 2941
65 3072
3 2331
14 2636
100 2986
40 2600
27 2961
83 3138
21 2820
68 2525
50 2511
99 3150
26 2407
74 3194
16 2457
65 2763
100 2668
88 2506
4 2341
34 2538
4 2531
66 2519
1 2854
92 3109
85 3115
15 2981
35 3056
38 2801
58 2645
68 3200
55 2773
1 2980
1 3120
49 3000
98 2661
20 2898
16 2361
80 3247
91 2866
34 2741
92 2341
3 2649
73 2988
35 3154
13 2735
35 2995
39 3152
5 3055
38 3096
75 3185
63 2901
11 2578
35 2404
34 2573
85 2529
3 2958
43 3082
84 3113
25 2933
4 2641
27 2941
54 2843
65 3073
78 2944
48 3241
28 3076
79 2477
60 3135
3 2855
49 2973
19 2455
91 2462
22 2639
22 2917
94 3019
55 2929
53 2918
95 2909
2 2694
70 2769
53 2681
56 2531
13 2938
84 3236
16 3014
12 2328
