85 1321
81 403
48 96
89 922
100 1714
62 1620
91 1708
17 1657
6 671
50 966
32 2043
42 871
3 1435
86 544
34 1326
61 2064
90 1568
16 393
61 1501
2 1948
75 1319
89 704
6 636
4 1429
5 1082
2 1996
1 640
37 2051
24 473
19 104
80 640
9 1080
75 1717
67 1535
75 648
93 596
12 1518
10 1674
6 561
27 1756
7 225
41 249
36 805
56 366
48 1066
96 1263
33 1568
31 1176
59 1831
41 428
34 1256
3 1145
84 783
84 431
71 1864
68 1727
2 1470
60 1862
47 1992
8 860
88 2037
53 1990
37 141
97 1472
92 684
30 1056
55 1321
30 871
92 1581
17 1157
42 1706
50 1247
69 1768
97 1468
71 168
77 1483
14 67
81 1895
90 1964
52 2069
79 1606
24 1458
9 247
50 1421
82 263
71 1693
28 1484
75 1195
95 898
28 239
82 1503
36 30
75 624
93 1066
74 350
39 672
88 320
98 1124
46 1508
90 687
