82 1691
22 3492
73 1396
45 2044
59 813
74 667
2 1655
96 3443
21 1965
80 2991
26 1868
24 1531
2 1725
27 3436
51 963
22 2953
39 2287
10 1914
24 6
57 2711
19 3237
62 2950
97 866
11 2889
74 1454
90 2673
37 1675
42 1509
74 390
62 431
68 1594
38 810
38 3215
51 40
4 1701
90 23
98 50
86 3105
66 2440
91 3274
86 1608
78 222
6 3745
98 2978
80 1078
67 3572
74 269
82 3287
7 444
58 1010
39 558
9 530
36 3281
12 3435
92 3479
92 2089
98 2780
50 1759
59 596
47 3734
35 3450
85 1061
35 1119
44 864
70 926
45 2498
66 1971
69 1483
81 3286
77 2391
11 3808
33 1503
5 565
66 320
16 2338
23 3334
4 1180
14 2932
52 364
54 2882
22 1815
26 116
17 1722
14 51
82 1351
56 3390
40 310
7 1521
17 1002
39 2327
80 1138
61 3777
70 253
26 3488
37 3354
9 741
31 2657
40 3773
61 812
65 1460
