97 2549
44 1526
24 1504
43 1204
47 2594
23 2396
100 1676
36 1413
67 2476
42 2565
99 1362
59 3066
11 2771
14 1934
9 1456
54 1258
8 1439
66 1395
60 2903
52 3134
68 2997
96 2503
50 1569
9 1880
17 1716
73 1847
6 2825
48 1414
97 3021
66 2195
76 3055
84 2732
84 1992
3 1211
71 2976
5 2628
54 3150
76 1873
30 1966
41 1216
94 2005
91 1847
38 1812
59 2847
11 2030
13 1763
89 2435
25 2648
52 1793
30 2061
84 2648
79 1085
9 1903
33 2991
83 1750
20 2019
43 1875
64 2169
49 2786
37 2926
5 1251
33 1669
74 1774
50 2072
20 2881
85 1974
82 2126
42 1721
33 2152
44 1583
1 1784
44 1103
90 1753
22 1833
86 1735
84 1510
97 2102
34 1442
95 2763
37 2764
13 1474
96 1435
40 1856
28 1550
92 1863
98 3097
68 2790
46 1426
89 1911
54 2204
81 2399
98 1529
62 2237
38 1994
62 2926
83 2786
77 1491
29 1474
50 2419
8 1133
