72 2248
75 0
75 1930
27 2363
66 2655
74 2352
11 342
53 2470
56 0
72 0
78 242
17 1617
49 2144
95 700
9 221
38 1226
10 2496
12 2338
99 426
92 0
85 0
84 0
40 2537
23 1710
85 2286
81 970
25 0
60 1112
23 481
51 2017
32 947
96 0
76 2522
73 2293
54 1317
100 452
94 455
24 0
96 938
17 684
24 2370
36 0
61 2681
94 1218
83 0
82 1538
94 0
91 1484
66 0
55 1369
62 1257
33 196
41 973
91 1665
36 0
94 734
6 509
75 2108
50 0
34 2630
65 0
71 0
14 2095
89 1406
35 962
70 989
8 2691
21 0
54 2501
1 1383
41 63
52 1445
30 2462
61 589
8 0
5 2089
90 1859
58 641
96 2151
14 1296
85 1458
8 777
51 0
50 1974
96 2592
33 2577
94 0
85 449
39 0
67 1820
28 1803
1 560
78 1114
86 2549
43 306
13 0
75 1630
18 2655
20 160
83 2689
