66 2705
86 4180
39 3078
60 5267
44 1898
39 1939
59 2751
74 3116
42 2102
3 5255
70 3243
39 5067
40 3246
43 5560
63 4964
13 5938
1 4766
43 3191
49 4036
56 3720
69 3693
15 1778
74 4526
35 4700
72 1680
36 1915
58 1644
72 4135
75 4507
31 5979
39 2041
47 1762
6 5934
54 2624
35 4708
10 3081
99 2842
2 2944
8 2459
52 4526
56 4854
30 3511
87 3314
44 2152
72 6237
87 3609
52 4913
9 4873
41 3491
56 2593
93 3306
63 5136
3 3688
100 5558
28 5119
28 3743
15 3721
99 1814
88 1960
1 1975
49 4699
60 2869
12 4785
77 4963
47 4033
35 6292
19 4214
86 5485
94 2960
33 3800
23 6008
47 5470
24 1971
65 3875
61 4679
80 4143
38 2087
57 1692
26 1731
48 2256
65 4316
87 5935
100 3318
78 1661
5 5086
65 2831
34 4321
31 5237
51 4818
4 4578
19 1637
83 1477
21 5399
61 1556
54 5595
24 1660
30 4285
19 2838
99 2406
83 2095
