52 4027
52 4439
4 4540
20 4219
75 4454
26 4734
75 3944
63 4689
15 4969
31 4441
65 3930
47 4087
84 4056
91 4379
100 4698
97 4898
61 4254
97 4309
43 4468
92 4066
86 4970
22 4349
37 4044
75 4825
27 4639
63 4481
84 4544
61 4683
96 4658
27 4458
89 3952
82 4625
12 4505
3 4523
68 4064
4 4030
1 4191
91 4822
69 3992
60 4039
66 5013
22 4070
97 4009
5 4306
91 3953
44 4110
32 4976
24 4843
89 4681
62 4374
70 4485
99 4114
82 4525
46 4221
78 4856
92 4850
25 4065
10 5025
92 4646
71 4979
24 4849
47 4928
78 4044
13 4041
2 4035
93 4752
73 4244
89 4517
28 4260
45 4137
29 5014
27 4426
64 4205
78 4013
51 4847
15 4638
90 4865
24 4159
83 4180
74 4346
51 4190
67 4749
85 3927
51 4964
12 4432
86 4011
84 4421
22 4486
83 4828
91 4272
70 3963
62 4659
48 4956
26 4326
65 4559
59 3923
34 4492
26 4335
48 4567
43 4944
