86 0
37 0
73 0
57 456
41 2307
87 0
82 0
74 2076
63 1531
9 855
84 1214
87 2013
45 389
14 2058
38 697
13 1648
33 0
91 1047
77 1696
79 1502
21 814
23 1214
85 0
17 350
83 1449
48 2225
38 444
49 0
26 0
34 1848
68 850
73 672
100 576
90 2024
63 2457
12 2533
23 2039
83 0
35 56
36 233
89 1782
82 0
60 2533
4 0
81 830
23 917
72 0
35 1862
48 1920
18 1449
22 674
63 570
64 337
71 1622
23 238
32 464
91 230
72 2216
76 1043
96 2353
34 1899
33 1630
81 1432
93 2035
98 1525
51 1905
61 1876
16 1857
45 2597
20 1837
65 1393
37 0
75 1021
16 281
50 2453
97 1033
62 576
79 2357
29 2081
25 2409
48 0
78 1396
77 1161
98 2356
41 1183
10 663
5 0
61 926
10 1603
49 1523
33 2338
3 2159
55 2241
19 1585
14 1813
78 1981
50 1695
14 2068
87 0
64 66
