31 2733
4 2354
65 2376
8 2285
41 1788
93 1740
40 1999
63 2603
90 1849
28 1657
38 2739
73 1743
26 2309
44 1731
98 2319
32 2513
99 2642
96 2044
83 2404
74 2264
23 2002
15 2512
73 2397
44 1845
77 2736
92 1897
63 1789
61 2314
57 2276
25 2634
53 2258
96 1940
94 1971
39 2451
3 2023
49 1865
80 1968
83 2082
54 2679
88 1807
27 1717
17 2628
15 2536
58 1745
74 2466
26 1976
90 1972
95 2098
57 2231
16 2056
96 2150
88 2395
41 2422
43 2450
67 2455
81 1762
7 2150
94 1713
3 1788
33 2377
28 2546
58 2576
27 2331
64 2727
56 1921
30 1834
47 2585
96 2343
91 2348
33 2412
21 2592
39 2485
4 2736
34 2274
26 2282
63 1938
86 2452
85 2142
64 1805
74 1697
2 2144
53 1923
61 1976
53 2614
81 2651
5 1691
90 1850
71 2035
80 2296
80 1962
84 2505
73 1729
57 1981
74 2466
95 2112
40 1661
84 2483
50 2283
2 2256
19 2724
