71 2216
5 2515
49 2428
86 2259
71 1618
16 2184
4 2003
22 1840
1 2198
57 1585
4 1793
84 2284
54 2405
82 1633
70 1909
23 1887
81 1598
45 1886
12 1747
80 2391
87 1744
71 1583
43 1932
38 1809
38 2522
72 2259
77 2168
63 2550
56 2142
5 1919
66 1576
76 1762
100 2552
46 1872
84 2430
38 2529
60 2471
65 1620
35 2183
84 1995
40 1589
17 1651
99 2287
15 2396
97 1604
25 1675
6 1554
86 1935
64 1779
63 2257
69 2526
62 2106
8 2090
39 2187
78 1690
6 1995
57 2369
1 2289
63 1764
96 2099
53 2295
98 1788
76 2524
44 2504
80 1905
54 2047
40 2481
27 2251
56 2442
14 2266
70 2317
8 1883
10 1685
42 1540
38 2199
60 2531
93 2491
19 2200
2 2095
73 1646
69 1893
14 2009
89 1693
74 2372
25 1788
72 1802
23 1922
95 2111
21 2419
35 2287
18 1575
53 2004
91 1612
35 2354
49 2258
65 2390
91 1562
32 2495
14 2323
79 2070
