14 1417
44 949
42 2700
100 2589
48 4497
32 1650
74 2047
98 3694
38 4148
64 974
67 2892
98 3880
98 5411
55 1028
32 5468
50 561
23 4310
74 2906
96 1297
26 1725
56 1393
10 2087
33 1907
46 1604
93 2296
92 4625
29 1641
11 2073
2 3278
69 1282
46 3132
56 4088
40 1956
15 3884
43 4918
62 3095
99 1889
79 3322
48 5048
57 3733
93 4482
36 4820
71 5438
65 1740
76 4611
99 5528
10 1648
74 1870
34 3112
54 5576
67 3672
47 4898
12 5016
97 1963
36 928
93 6016
29 3434
58 1184
61 1741
77 1404
41 563
90 5595
48 3793
93 5821
78 2529
56 5752
82 2119
12 4676
75 2214
78 1533
70 1337
54 3269
50 627
50 2115
72 4394
44 3971
90 2768
9 1761
9 1392
55 5137
30 3916
43 3998
9 821
3 5174
88 4723
78 2762
85 942
67 5014
66 2629
24 3309
67 1112
27 5433
36 3864
58 2887
58 2337
85 2096
9 1016
15 919
29 4521
100 1648
