87 4336
14 5633
28 5632
61 4486
23 2893
75 4110
40 2940
31 5535
8 4209
76 4386
69 4599
72 3355
23 3543
96 2728
81 3300
96 4173
2 3166
71 5324
51 5329
86 3019
11 3324
12 4867
5 4270
43 5268
24 2837
48 4039
13 2857
39 4168
16 5029
23 5498
45 3394
26 3470
83 4377
41 5135
3 4987
49 3051
52 3397
35 3211
16 4695
84 2975
45 4013
68 2842
98 5304
53 4789
44 3435
83 2660
42 3333
42 3060
52 2975
46 3220
95 4775
89 3416
86 2864
24 4780
19 3664
34 2751
13 3738
92 4197
72 5394
22 3223
32 3230
100 4454
75 4261
43 3587
70 4439
39 5265
29 3876
92 4304
19 5665
39 5393
95 2916
26 4231
88 3260
56 4367
90 2923
95 4961
25 4890
94 2637
20 5182
87 4167
61 5319
28 3793
92 3663
88 3909
60 5116
71 3946
27 3922
25 3814
82 3516
2 4141
46 3882
81 5769
98 4705
40 3113
1 3374
71 5027
85 3174
94 3919
49 5592
70 4231
