39 2255
12 2950
44 2694
20 3981
71 3276
62 3767
30 3210
45 3856
5 2615
61 2193
85 3032
92 2340
55 3484
15 3570
9 3035
54 3393
100 3219
21 3016
42 2566
82 3763
1 3204
95 3999
91 2982
51 3733
24 2411
15 2970
46 3753
95 3371
13 3051
60 2248
94 3453
76 3890
87 2829
4 3575
12 2026
52 3749
85 3699
99 3633
99 3871
42 3654
89 2925
64 3676
99 2858
10 3007
8 2781
81 3344
13 2019
50 2885
71 2356
76 3770
4 3914
9 3306
88 3526
68 3393
29 2017
49 3410
26 3907
92 2194
100 2521
84 3389
40 3857
7 3233
97 2751
9 3878
81 3471
7 3009
30 2174
74 2492
62 3509
24 2445
4 2730
68 2751
50 3635
3 2933
35 3928
73 3912
6 3786
54 3807
50 2857
95 3431
60 3428
78 2403
64 2772
72 2153
48 3930
7 3364
75 3485
88 3168
71 3526
21 3115
48 2015
13 3130
78 3578
12 2357
11 2427
10 3448
3 3513
59 2233
61 2894
56 2018
