90 3
41 2069
93 947
100 2169
78 1291
89 3617
100 493
27 820
51 2726
43 4083
21 3629
7 2368
51 296
60 2691
7 3037
36 2335
9 1639
21 1609
71 1198
27 1761
57 3121
69 2227
84 2144
42 1315
88 1262
76 2579
1 109
85 3533
56 3928
61 114
18 3597
25 2921
78 1856
46 4030
30 3973
47 486
30 333
18 216
16 3022
5 784
70 3677
82 1893
96 1709
77 1456
22 4025
48 152
10 1067
16 2146
37 1359
72 3344
12 3607
16 841
24 3862
40 1257
17 2785
1 3110
36 608
51 523
82 820
56 54
89 3704
78 3934
55 1990
98 2647
79 1295
5 2797
61 1169
55 3863
11 1096
52 2033
34 10
82 1056
81 3366
35 738
78 1537
98 507
47 1852
41 2719
70 1591
64 3827
27 4053
97 2043
90 2247
53 1748
70 4059
96 2587
49 2105
100 3512
59 1523
98 2458
5 3158
23 2673
5 2254
61 900
5 983
74 401
71 1091
77 413
85 3429
24 2091
