47 2561
84 3333
64 3189
13 3324
63 2648
67 3039
97 2778
1 3495
99 3286
90 3312
78 2747
93 2808
70 3269
1 2826
83 2620
30 3220
78 3354
22 2799
59 3076
37 3150
8 3214
55 2869
59 3243
54 3497
51 2661
10 3460
66 3494
1 2705
70 3078
24 3181
20 2860
8 3318
14 2617
60 3308
92 2868
7 2546
38 3073
74 3008
9 3143
100 2555
76 2949
86 2547
13 2668
16 2628
16 3499
3 3152
58 3152
81 3333
40 3214
15 2603
98 3004
91 2609
67 3197
74 2748
10 3110
71 2716
53 3318
79 2985
31 3377
8 2680
9 2631
94 3456
93 2599
62 2731
77 3396
55 2975
76 3450
79 3035
70 3305
19 3359
30 2740
61 3388
22 3347
74 2546
23 2929
23 3269
95 3426
26 3148
7 3326
52 3139
34 2711
14 2677
9 3255
71 2908
3 2960
61 3110
68 3370
18 3471
32 2667
92 3333
54 2716
74 2774
74 3036
22 2936
56 2680
39 3013
75 3345
96 2570
81 2717
42 3421
