76 1984
85 2432
87 2662
97 1720
38 1663
85 2258
11 2583
28 1658
3 2665
29 2384
50 2085
25 2156
5 2522
99 1881
67 2473
14 2708
80 2425
80 2580
57 1992
78 2189
64 1677
33 2452
38 1858
87 1674
97 2545
69 1680
92 1883
70 2366
44 2115
66 2000
52 2510
66 1923
42 2626
36 1703
62 2222
55 2450
100 2237
6 2447
9 2303
21 2307
66 1735
59 2347
78 1821
70 1668
45 2013
30 2504
31 1941
85 2282
63 1676
24 2521
84 2596
25 2250
81 2158
44 2095
90 2594
42 2288
81 2238
82 2218
38 1838
89 2015
91 2128
3 2720
17 2398
86 2584
44 1891
12 2229
58 2456
57 1849
33 2490
87 2521
19 2630
1 1810
71 2166
79 2287
100 2509
81 2532
5 1917
54 2205
18 2199
65 2133
72 1957
38 2616
75 2102
73 2405
77 2374
87 2378
46 2027
5 2380
81 2452
62 1984
37 1890
84 1670
81 2083
30 2058
22 2415
5 1900
54 2291
74 1791
81 2571
15 2497
