34 1326
15 0
67 1044
22 2123
50 0
55 813
64 0
23 3044
75 876
31 334
59 1244
91 222
77 0
87 3299
41 1123
25 2815
78 2985
53 2800
52 0
30 2499
65 0
88 1140
2 0
21 1273
59 2406
26 1821
59 713
83 0
49 0
7 1823
59 1073
65 3439
58 0
92 1674
81 3294
64 114
2 2239
80 0
59 1627
66 0
83 2938
59 2758
96 0
32 1983
86 584
62 0
88 1005
23 0
33 0
33 885
95 0
17 0
94 2987
33 2555
29 3635
28 2736
31 1845
35 0
66 3146
31 1955
88 1747
41 2245
67 2997
11 1580
48 84
88 3559
22 3020
62 683
75 3603
96 0
50 2147
65 722
84 2186
60 700
29 579
26 798
7 0
3 0
90 0
40 0
37 3439
42 0
24 3553
7 325
34 2260
26 0
76 1987
86 2166
80 1605
73 128
57 57
88 2726
41 81
62 0
73 1582
83 0
2 2024
41 0
59 0
62 0
