44 4000
69 3122
82 3912
40 2658
45 3622
78 4405
82 2158
85 4387
48 4773
93 1764
64 2628
51 2248
50 2278
5 2711
100 3015
15 4433
6 4475
43 4282
86 4704
85 4246
50 4710
39 2502
35 4185
4 2629
10 4068
19 2335
29 1812
57 3596
27 4332
68 4527
1 2654
19 2319
3 2040
98 3319
49 4662
27 3064
100 2527
47 4762
60 2231
79 3777
24 3747
28 3433
81 2522
22 4860
47 3193
100 2667
64 2573
33 4803
53 4120
47 2563
18 4058
88 1725
26 3585
96 2117
66 3675
59 4497
99 3681
24 4803
53 1680
87 3069
43 1783
7 2757
20 3176
40 1669
62 1927
66 3005
66 1648
79 2801
15 3475
21 3443
68 4390
61 1773
66 2561
96 3010
76 2170
37 2559
89 1678
93 4370
94 4396
42 1785
38 2550
81 3615
67 1782
54 2606
26 2362
95 4243
65 1659
42 3467
42 3234
93 3047
23 2760
49 4735
83 3168
81 2910
8 3916
22 2815
96 4293
53 3916
87 3561
89 2964
