41 3860
3 2207
24 1676
21 3027
1 1377
96 4377
4 0
22 3723
8 327
41 603
70 1094
9 3485
93 4532
56 218
82 0
77 3430
56 0
11 462
61 190
53 808
71 457
25 1637
69 1476
74 1621
17 3723
25 0
44 4482
83 2597
26 458
48 3681
47 4247
77 2448
90 4100
85 4510
27 2550
19 489
86 1484
89 2723
21 0
89 3861
50 1605
74 2760
95 293
14 1851
55 411
2 2874
63 2843
88 2333
87 0
96 0
68 3070
22 644
73 3867
99 4286
6 2140
54 2247
75 948
48 3135
73 1875
33 4170
76 1105
52 594
78 0
47 4815
55 1353
39 1244
89 3329
83 4412
75 2292
68 586
46 2100
70 1939
43 499
81 2096
44 3728
69 0
78 4310
21 4072
72 453
60 3385
74 0
71 0
59 3284
35 3372
82 4429
37 0
52 4713
28 3374
71 3020
83 461
8 3613
31 3558
29 1704
71 0
70 0
17 1682
10 4208
56 3383
67 312
53 4297
