90 3580
65 3192
24 3594
3 2756
31 3181
81 3573
77 3362
52 2933
24 3438
48 3070
66 2704
54 3681
17 2942
64 2951
97 2907
54 3231
71 3471
47 3305
30 2756
83 2934
100 2887
61 3101
47 3535
74 2679
8 2634
39 2647
39 3239
74 2669
75 3514
46 3224
20 3182
88 3687
77 3672
37 2732
21 3395
33 2815
57 3201
17 3369
76 3672
41 3588
62 3058
57 3068
48 2954
51 3467
14 3431
85 3415
20 2970
100 3066
32 3082
38 3473
46 3658
54 3470
91 3371
93 3107
75 3469
99 3376
72 2879
18 2742
71 3386
18 3688
27 3635
98 3139
53 3438
67 2938
14 3369
80 2746
78 2772
44 2686
10 3264
57 2815
19 2988
72 3668
63 3258
27 3046
9 3405
7 2636
84 3652
41 3530
25 3058
5 2753
97 3677
33 3661
7 2785
100 2947
72 2805
96 3173
26 3140
16 3203
93 3545
27 2642
79 2717
19 3261
85 3175
68 3427
93 3595
47 2675
8 3502
46 2774
48 3427
77 3372
