81 3217
92 2661
51 152
3 1841
66 897
40 3939
54 2079
10 400
54 3232
56 2897
31 1821
74 1375
27 2822
17 2557
53 3592
29 1842
95 2782
63 2986
27 1528
35 30
51 1929
15 9
85 2925
15 995
16 1080
79 2372
21 3619
67 1166
18 529
90 3026
79 2428
90 2238
90 2572
61 96
14 453
98 3945
18 67
7 2669
21 1497
56 351
53 3110
93 3514
49 934
92 3302
12 3303
98 57
79 1728
70 1635
37 349
48 480
28 2512
64 2915
26 4009
44 2107
8 2912
10 2470
84 1807
25 2197
99 3971
20 131
10 1152
48 1964
15 1488
8 1640
82 279
72 2550
64 1315
36 2350
12 582
53 547
77 2422
83 3314
83 73
76 790
11 2847
70 827
92 449
2 164
59 2659
38 1595
4 1137
90 3852
93 871
30 1923
82 3483
87 1835
92 2616
97 3825
74 2728
59 2257
59 1285
49 415
80 3987
77 848
45 3342
73 2665
29 1705
2 251
11 2085
73 3133
