33 2683
83 5367
58 4334
49 4389
16 3528
96 4870
91 4769
38 2835
71 4676
21 4743
9 3103
61 3895
75 5293
1 3779
59 3949
23 3651
55 3657
49 3605
66 2668
92 2879
40 4879
62 5260
75 2668
9 5127
85 2615
82 4248
43 2641
13 4532
24 4425
31 4126
84 4050
98 2840
14 4648
6 2698
90 5274
51 5055
26 2932
40 3282
67 3293
57 2549
13 4047
42 3854
16 5001
48 4854
96 4463
71 3766
37 5365
68 4718
12 3287
17 4025
8 3799
32 5200
86 3109
44 5328
49 3594
65 3357
92 3697
86 3114
66 4557
31 4777
99 4626
79 4648
84 2699
80 4891
39 2916
19 4586
98 4338
46 3664
61 4095
39 4953
79 4397
76 5168
67 3601
38 4297
7 2691
63 4978
19 4892
39 5215
9 4173
4 4006
6 2628
95 2996
49 3479
20 3372
11 3975
66 5064
90 2940
80 5316
10 2531
85 3019
21 2982
32 3406
22 4120
70 4570
27 5014
78 3736
11 3509
47 2753
11 4392
7 4387
