67 3460
22 1424
15 3406
28 1280
41 2681
78 2365
80 727
83 3377
20 1415
89 2864
64 3758
74 2325
31 3662
68 1589
57 1334
25 2187
23 1880
16 3755
3 1741
73 834
85 2644
95 1941
57 2857
69 1869
54 1230
54 1374
6 695
90 2898
77 2159
4 3723
49 3415
56 1466
62 2110
40 2464
1 781
92 3643
91 3051
58 1038
78 1310
46 3817
44 3427
44 2331
78 2096
19 750
59 3571
65 3796
73 3555
15 2843
35 615
72 1876
13 1746
14 2078
29 2548
83 3330
94 1427
75 2065
91 2811
52 2776
70 2962
84 1127
79 1664
25 1232
75 1577
83 2721
97 3775
70 1735
24 1029
82 975
73 3779
39 3224
65 2848
33 1145
52 2583
54 3728
68 3327
75 1104
49 3091
85 1673
35 2161
94 3146
65 1974
88 895
63 3376
11 2243
91 2770
29 2812
38 605
63 2414
57 678
17 2125
72 3727
67 1953
55 1599
91 1837
62 749
35 793
8 2010
25 2315
99 3164
34 757
