83 1879
45 2665
85 1246
26 0
53 0
39 500
52 2864
54 2671
66 2628
48 1718
2 2951
19 1062
19 1104
100 0
20 2660
9 0
80 1021
30 1334
90 88
91 0
38 1908
9 2843
60 469
99 0
31 0
95 0
22 2217
75 0
36 2778
100 1199
32 1324
89 2945
64 98
26 600
44 0
54 1717
78 950
80 1173
54 2294
21 0
71 500
10 1406
34 0
1 2353
81 1149
20 1275
28 1039
49 0
19 0
35 0
93 0
60 1421
74 0
79 1671
72 1413
54 326
52 1956
46 1103
71 475
45 0
70 2130
87 1483
91 214
46 1496
2 0
42 1809
41 0
36 1911
34 0
75 52
65 2182
85 0
63 2793
23 0
14 2006
82 1262
95 0
6 3021
23 2862
31 0
39 2790
88 0
44 1963
26 1085
93 788
47 2538
73 2610
40 1215
78 3029
3 2392
60 416
40 1314
14 0
17 0
8 465
89 889
69 0
64 2158
84 2884
48 0
