91 4854
67 2278
83 3565
61 1873
99 3174
5 3734
96 3602
10 1099
80 2997
16 2557
11 1564
93 2112
1 4668
99 4117
82 700
44 4196
46 1240
81 4247
77 4049
83 1102
33 4060
67 4649
16 3748
81 2325
58 848
7 2678
9 637
44 3690
90 1637
60 4071
25 3746
68 5261
46 4214
74 3825
90 1929
93 1654
35 2246
3 1158
66 4469
98 2205
9 2814
8 3475
84 3497
55 1135
16 5254
64 3772
50 3967
49 3895
1 4473
51 1013
38 899
60 4778
93 2296
91 3907
84 1356
84 3637
87 5039
37 2044
25 1951
37 4586
85 1887
16 4200
63 1160
15 2163
66 2017
69 4651
93 4492
27 4070
93 1910
31 1561
27 3473
36 3429
52 1666
84 1337
62 4178
30 907
74 621
14 3042
54 4392
8 1847
37 3675
8 1180
28 660
38 1696
46 4341
70 3606
1 4673
17 865
10 5430
52 1092
18 2770
5 1976
49 4493
42 1870
24 735
97 749
86 4120
41 1048
40 3439
96 5020
