99 3888
58 2617
32 5187
42 3176
20 4645
90 3302
9 2919
82 2250
65 2411
47 5058
52 2116
61 3146
66 4927
57 5391
84 3272
45 3244
29 4692
22 4977
8 2056
64 2445
59 4302
20 5041
25 4821
17 2860
77 2503
62 4679
95 2610
74 2696
14 2140
75 5215
80 4201
12 4646
45 2478
15 4049
43 1913
22 5460
62 5301
41 4772
24 2374
1 2790
8 3244
12 2014
96 4937
13 2380
21 4918
14 3967
41 2216
61 3975
35 3137
57 2684
38 2618
35 2012
80 2052
33 1960
3 4193
69 5252
46 4008
92 4861
19 4899
91 2282
53 2203
44 2000
5 4370
32 2873
13 3300
29 1900
71 3939
65 2663
30 2663
24 3272
68 3590
80 4881
80 2515
20 3454
49 3006
56 2126
97 4905
1 4912
95 3934
50 4875
32 2704
99 3190
46 4728
2 2641
18 3862
54 4206
87 4594
67 3012
37 3111
34 3632
35 3852
3 5250
74 3165
48 1845
18 4935
60 4701
20 4539
25 4031
29 3876
98 1894
