68 143
51 2142
36 312
97 1416
89 1700
49 0
2 2976
88 3415
84 0
54 1614
40 0
60 0
93 2012
50 1246
96 2707
59 0
9 791
97 1410
33 311
30 1233
79 0
71 898
5 805
100 2595
20 0
61 263
4 0
27 0
75 466
48 1917
54 0
12 3530
92 0
59 2941
100 3638
47 0
18 2691
72 2084
55 214
79 1470
10 1720
23 1364
79 0
78 513
7 1106
26 0
35 867
44 2361
79 0
72 0
80 0
95 3118
49 1577
26 1762
31 0
66 1583
78 277
25 988
14 0
96 3043
44 0
60 3262
76 3169
92 0
51 173
26 603
66 2761
35 3134
97 0
31 464
50 2668
74 0
5 2548
31 2449
24 0
20 1833
92 242
55 3245
52 0
31 277
59 0
14 1563
36 0
42 463
82 0
46 2771
63 3452
50 0
65 0
95 3351
58 0
75 3052
34 2981
22 0
74 3153
88 2964
17 0
15 1675
42 639
12 2188
