52 0
71 0
37 2357
26 2549
99 0
49 1676
1 0
55 3273
73 880
25 858
60 0
68 1498
18 171
46 454
11 900
5 1035
100 2833
36 2774
52 0
72 2905
33 0
7 926
3 2272
22 0
44 254
94 919
2 0
21 0
53 873
32 2378
52 261
26 354
5 605
46 3159
6 0
92 520
53 252
41 0
39 0
69 0
55 598
18 3233
10 1681
51 2689
48 0
6 1354
98 0
59 0
89 1169
91 0
51 2137
59 1303
27 0
80 0
38 2361
96 1705
52 0
19 2917
87 0
59 1734
63 2597
75 164
35 1477
89 2193
8 0
87 283
4 0
82 2891
42 2998
53 0
20 3202
18 1235
67 1646
42 1620
10 0
32 287
36 0
22 3043
49 214
4 0
87 1360
20 3091
37 3300
78 115
100 3224
55 0
84 1619
75 0
53 0
86 1817
16 840
50 0
15 0
31 2350
88 653
30 1927
24 2276
92 1538
62 0
15 333
