88 3241
57 2330
16 1115
41 551
33 2322
75 3438
24 1604
20 2852
96 532
71 1451
79 1937
61 1024
21 4292
82 3597
2 3524
38 4164
96 1685
95 2407
47 2432
89 265
90 1172
59 2489
46 822
71 4446
56 985
87 2510
36 1303
5 3277
25 3606
3 1692
91 1482
79 3400
68 148
76 213
40 284
14 4084
88 2433
27 3349
89 1317
58 2236
27 1058
84 4139
33 917
65 1621
72 3432
12 2655
48 1419
97 3514
3 2152
77 2175
77 741
45 3148
53 4451
6 4305
54 2144
92 2636
40 3440
58 4080
66 3762
79 1561
53 1865
54 3576
86 3825
32 1605
9 2075
88 3245
92 4298
88 238
46 2352
34 150
49 4354
4 2870
12 3898
15 1701
81 1210
98 4344
43 2353
23 3729
12 119
78 4074
28 4163
17 1660
56 3991
15 365
81 2425
85 705
66 3269
4 3930
65 1838
72 3263
61 3342
68 4076
43 1344
70 2867
77 2227
100 1866
83 2688
86 606
80 57
85 1045
