38 5358
24 3529
88 5407
35 2080
93 4726
36 5408
62 4089
33 5393
41 5742
31 5731
39 3187
75 3363
42 4560
45 4463
24 5249
45 5318
24 3742
40 3884
3 3694
34 5311
42 3622
52 3604
38 4529
77 4194
52 3156
27 3697
39 3585
67 4129
30 2414
20 2101
28 2698
59 5013
21 2218
41 5599
95 2183
37 5357
97 4329
31 5754
21 3078
55 2506
77 2105
81 2011
79 3764
97 4367
64 5785
44 3250
71 2215
70 4975
67 3382
43 4730
66 3752
6 3742
98 4799
22 2843
3 3335
38 4739
37 4372
1 2190
29 2706
65 4355
25 3818
47 2581
97 4779
70 5510
66 5398
79 2928
38 3801
47 5206
60 4149
100 2181
67 3455
6 4321
95 4845
69 1967
13 3422
75 3251
57 2437
79 5062
99 3297
30 4375
65 2633
11 3957
90 3578
44 4691
5 4493
20 2388
19 5595
90 3680
3 2671
29 4094
16 3033
32 4670
81 4058
11 2308
96 2236
50 4509
30 5132
11 4429
73 5297
25 2310
