43 3139
26 1049
30 4738
41 0
57 2125
70 1979
71 1740
81 3776
82 415
35 1826
71 1507
73 550
93 3636
34 1256
25 3148
73 0
25 2740
22 3028
24 3934
88 2280
18 4833
91 4294
71 2973
49 4098
54 3346
82 1397
18 2787
79 547
96 0
91 252
86 0
27 0
93 2004
49 4061
18 0
51 1599
45 124
63 555
25 3980
96 3717
5 682
31 667
66 0
70 4018
7 123
17 3684
44 3288
52 1022
48 429
89 0
26 1808
61 1211
3 600
32 4013
99 1323
14 906
41 2953
17 2859
100 0
97 1488
59 3906
85 756
6 567
49 3499
16 4034
71 860
2 291
93 1407
11 2968
87 4691
100 4347
61 4510
27 3124
86 661
69 2180
84 3748
20 66
80 3584
58 269
67 2650
96 2891
26 3499
83 1299
26 3334
85 4108
63 4450
71 1261
12 613
37 177
50 1467
18 1325
67 0
78 934
39 3400
78 0
19 2063
21 1171
65 2304
97 819
54 3972
