42 1350
13 3135
80 3417
63 409
58 1987
11 1039
1 0
73 0
73 968
61 0
71 300
9 0
90 0
35 2053
6 0
41 2762
1 0
48 504
29 2295
11 0
37 0
96 3399
100 0
81 770
75 1827
74 1395
16 0
98 2269
42 754
82 2711
68 0
51 2571
100 0
14 1271
25 1312
88 2440
65 1714
93 797
59 0
87 2772
69 424
11 3694
87 0
78 724
82 0
4 2436
32 1162
44 65
11 817
10 3613
81 0
58 3080
24 1635
57 0
50 2794
38 1204
85 1959
37 0
86 897
84 885
16 0
4 0
74 1234
40 749
30 340
67 2423
16 1087
73 0
89 2589
25 0
6 3457
3 0
81 1439
30 0
46 0
98 0
96 593
8 3638
61 903
84 3289
48 1268
66 2048
66 0
69 2692
13 3688
96 2126
17 200
14 0
93 2688
42 0
93 1587
75 3284
34 625
58 1356
9 0
81 0
50 2780
74 2951
98 0
50 2724
