36 3676
24 3288
51 3430
56 4578
42 3936
2 3317
52 2386
98 3611
29 3911
59 3007
82 3974
100 4414
51 2429
94 4902
7 3696
74 3599
78 5005
20 4806
93 4560
13 4062
44 3533
24 4949
74 3852
42 3487
25 3566
35 3124
54 4885
6 2363
15 3867
11 4162
53 3263
6 4796
91 4861
71 4337
27 4184
56 4293
58 4165
36 3526
18 4607
91 4331
65 4710
83 5036
34 2392
31 3264
29 2445
45 4321
35 3022
90 4059
18 3425
71 3924
69 2477
48 4153
31 2565
47 4227
13 3666
35 4681
87 3564
32 3025
62 4371
84 4197
3 4732
66 3208
61 3190
21 5001
100 2337
6 4198
78 2560
61 2365
81 3776
31 3499
31 3185
88 3976
3 3842
53 4188
20 3164
31 2665
16 2392
16 3406
68 4113
79 2834
50 3043
50 3312
13 4603
63 3248
40 4497
52 5072
10 4240
55 4452
60 3004
6 5015
90 4936
5 4254
37 3212
35 2943
97 2702
30 4797
8 3126
6 2680
44 3006
46 2752
