85 2797
28 3610
73 4911
14 5008
48 5233
65 5156
79 5369
47 3841
11 3851
100 4773
97 2685
98 3943
84 4114
73 4146
28 4219
67 2865
53 4765
28 3919
23 4372
2 2980
7 4876
93 3217
91 4254
17 3996
82 2678
98 4312
89 3927
44 3621
24 4268
33 4890
69 4249
9 5253
100 3940
21 3317
67 3234
66 4287
20 3306
30 4951
46 3823
12 3271
45 2535
34 2468
3 5229
68 5155
72 3702
15 5108
33 4597
45 4839
84 2845
10 3921
25 4059
67 3448
5 3026
79 3335
6 5338
19 4941
19 3421
69 4329
40 5364
17 4651
96 2736
41 2500
36 3061
100 4197
16 5287
58 3173
71 3936
50 3450
2 4720
79 2765
46 3960
39 4331
69 3346
95 3165
75 4373
37 2824
47 2659
23 2623
74 4547
38 4288
68 3729
14 3576
71 5084
74 5040
23 2498
14 5063
80 5416
94 4191
73 2863
2 2736
76 3851
95 3720
66 2562
39 4393
50 2528
13 3079
6 4874
72 2528
16 4461
14 4015
