68 2844
99 2599
86 2903
76 3131
75 2416
63 2525
47 3321
41 2699
13 2742
81 2537
5 3045
86 3247
95 2719
36 2678
3 3078
91 3004
87 2451
94 3179
86 2911
90 3158
20 3046
44 2453
14 3222
18 3157
52 2592
15 2778
68 3251
10 2834
99 3173
61 2825
46 3087
20 2698
52 2830
57 2814
37 3031
34 3278
13 2874
20 2772
70 2848
8 2836
22 2829
87 3228
22 2442
11 2957
8 2464
86 2493
57 3313
43 3282
100 3005
30 3016
13 2586
16 2614
78 2793
40 2527
21 2674
10 3258
29 2746
51 3082
65 2534
98 3273
7 3246
87 2931
100 2974
40 2655
24 2922
45 2505
96 3011
19 2723
20 2557
49 2880
6 2574
95 3248
90 2380
12 2480
81 2871
40 3041
16 2600
12 2970
79 3064
67 2726
2 2835
63 2849
84 2393
22 2406
62 2605
30 2922
52 3169
44 2678
18 3215
23 2930
1 2886
17 2549
49 2974
23 3316
56 3201
7 3249
56 3079
81 3243
93 2614
12 2677
