68 1344
83 630
2 862
40 1203
38 675
2 920
7 1358
3 657
89 591
61 1310
70 1102
95 639
47 813
14 1340
66 1135
53 930
70 1111
12 785
66 1350
4 649
76 1378
60 945
56 499
33 1298
87 481
75 959
3 1169
73 1033
34 1399
97 1208
89 775
30 898
27 1158
2 484
61 1234
17 1282
53 936
73 1122
91 857
100 937
75 1037
53 1171
29 1412
25 1291
63 910
36 1389
94 1057
42 620
18 480
95 1263
3 1397
24 481
34 1355
32 1110
52 806
7 1311
91 1063
28 596
50 481
65 1317
94 631
3 1058
12 1252
35 1214
14 1258
15 920
27 1163
42 1213
33 1192
27 747
57 1100
9 1059
74 1304
71 1381
82 1369
75 518
39 549
61 1385
78 1008
32 1414
49 692
61 637
48 1237
8 990
74 485
91 1070
60 856
66 748
30 860
16 1118
91 573
89 1376
12 561
40 1306
14 835
66 609
53 849
24 1278
7 1204
20 1226
