87 2013
48 2094
88 1472
46 5108
63 745
98 3711
14 3228
80 1769
20 1009
6 1907
67 1873
1 1336
9 2197
99 4031
43 3487
96 2950
52 3309
60 608
50 4016
22 3619
62 4305
11 3674
2 4000
88 682
33 1313
72 2824
63 3039
53 4680
17 953
98 2044
40 4085
67 1615
63 3429
73 4771
25 3603
58 1307
32 4166
85 1263
39 1056
7 4814
2 4048
63 4370
73 1002
48 1270
12 1773
94 3791
64 3932
56 2453
22 886
80 2665
62 2322
35 3038
76 1757
91 1885
2 5109
31 2535
44 2095
6 1370
11 4262
25 795
38 4536
65 1833
19 1691
83 1654
31 5109
10 704
37 2160
43 3773
20 4242
35 4039
16 2889
14 2970
88 2172
64 1847
42 2294
4 3869
50 4304
33 4211
91 1735
33 4667
66 2952
3 655
92 2463
12 3211
31 3642
5 5266
83 2039
64 3593
87 5181
35 2407
60 3279
59 4627
87 4211
86 3027
32 1863
13 3827
84 2641
84 3285
11 619
65 3816
