44 515
91 1146
89 1597
51 2234
23 1093
54 954
89 1102
31 1768
61 3945
89 4802
3 906
47 3778
91 719
25 3271
50 3703
94 5345
39 2286
58 1060
20 3044
39 4130
46 2227
89 2146
74 5470
12 1079
27 2484
39 1387
53 1379
46 4417
56 3628
6 3946
15 976
6 1960
64 1582
58 2736
32 5076
15 4687
86 3485
6 2186
41 4329
49 4375
72 1427
73 4637
43 2071
55 4848
91 2480
73 1451
97 2286
35 2406
65 3145
43 1880
86 2093
85 3614
78 4431
96 4861
71 5330
36 842
69 567
34 899
82 2529
4 981
13 4120
59 4161
55 3877
23 2785
10 833
47 5085
87 822
16 4273
69 4559
37 1262
99 3781
40 1237
80 3271
8 5473
42 1522
3 5241
66 4572
9 2040
77 3957
67 1432
35 3608
10 979
6 2672
49 2402
36 1526
79 751
49 2706
70 4956
92 1979
36 3731
28 2258
74 2879
3 4592
11 1104
7 743
6 5411
78 2518
99 3333
58 839
69 1391
