39 1495
61 3367
99 4162
49 5863
33 1358
51 2206
93 1699
75 1731
9 4264
3 5628
81 3394
54 1010
99 2471
68 3336
15 820
36 4621
91 2420
7 615
88 2021
92 3372
91 2413
8 5744
45 5111
71 2460
60 4953
63 619
22 2000
81 1438
34 5527
86 1740
72 4771
10 3301
99 2478
89 5619
13 4305
67 5226
45 5716
68 4083
71 3727
74 4509
20 3665
51 5822
92 1438
61 5558
97 5878
16 3187
26 4644
88 1612
10 1783
23 3778
19 4169
5 1130
35 4166
32 3641
46 2708
19 3247
95 3790
90 3677
96 4740
2 4770
96 5125
97 2746
32 2163
67 2036
54 2393
1 3928
89 3553
30 1230
1 1921
97 1515
92 4770
16 1283
99 4854
81 3690
1 4915
45 4165
46 1618
24 2920
31 3701
82 916
55 4963
15 1194
80 1596
36 3086
83 4528
99 3002
70 4526
26 5314
56 2395
63 3217
44 2953
22 865
40 2456
39 4993
86 4049
97 2624
68 4287
43 3011
63 3363
67 5314
