78 3710
84 4412
63 3932
26 3661
27 4068
45 4433
15 3639
64 4034
21 3993
72 4385
94 3741
93 3461
13 3596
91 3499
90 3932
4 3542
49 3971
63 3986
51 4174
64 3933
53 3605
7 3978
70 3491
56 3666
16 4409
20 4111
98 3797
5 3858
66 4379
11 4151
13 3594
81 3502
90 4070
45 4060
46 4236
69 3536
7 3969
69 4062
64 3456
52 4148
50 3472
78 4143
49 3566
65 4025
71 4218
84 4201
66 4194
10 4046
7 3715
93 3645
25 4310
73 3867
86 3671
62 4076
55 4029
8 3731
74 4301
32 3893
1 3876
42 3869
65 3622
85 3635
69 4273
57 3819
30 3581
28 4170
28 3638
59 3459
38 3496
68 4341
25 4220
89 3648
85 4107
12 3737
71 3547
32 4382
22 4411
24 4070
34 4361
50 3750
67 3470
32 3911
33 3921
47 3462
94 4120
44 3818
6 3918
15 3929
57 4041
89 4142
6 3592
9 3684
26 4394
99 4263
44 4068
91 3835
75 4048
14 3562
2 4429
30 4158
