22 229
82 3020
60 2534
16 1767
71 0
70 62
78 192
86 0
8 1460
15 703
92 788
19 1054
21 0
73 1527
60 0
79 0
78 0
22 891
93 0
83 2931
82 0
92 0
7 0
100 2154
91 2092
33 1866
23 3279
82 0
2 0
46 1219
32 68
74 539
35 1832
62 0
68 2043
11 1207
50 2134
29 1792
58 2630
80 0
90 3189
10 175
57 10
53 3259
75 163
27 0
92 2475
16 0
61 0
85 1060
20 1044
100 2628
31 1636
57 0
73 3063
22 1664
33 1063
13 1972
42 0
67 469
52 1223
43 0
56 2980
13 0
77 1707
16 2853
94 1043
79 1178
22 2205
92 0
35 1758
62 2474
49 564
68 674
53 2559
77 2272
51 0
32 840
20 0
88 1719
93 345
62 703
45 1021
52 0
40 399
12 702
26 0
84 0
18 0
38 2711
11 1534
6 2388
70 1029
16 3448
37 2412
73 603
47 3050
8 1391
96 2537
12 3514
