87 432
62 0
13 1583
96 325
32 1429
90 1888
92 2413
20 2313
38 316
16 228
64 1930
26 767
64 2226
96 395
68 0
48 2014
83 2104
44 1540
95 2445
6 1152
100 577
4 2394
97 650
64 0
7 646
40 0
29 814
93 1577
12 1642
71 2728
52 2894
49 610
62 938
64 0
85 0
88 2114
53 1279
28 209
15 0
30 2369
32 185
54 1167
53 1097
92 0
68 678
87 30
18 1286
29 2220
54 1467
88 821
24 2619
36 257
12 577
10 1022
14 0
76 2942
88 0
76 0
84 208
40 2888
89 0
30 2156
34 152
88 0
92 957
64 0
30 1175
74 0
17 0
58 0
39 1309
24 1264
58 0
80 1159
42 1518
10 1363
87 2262
17 0
72 0
75 1792
12 430
21 266
45 1907
9 305
98 2747
70 1528
84 1957
6 16
56 1637
89 0
83 494
4 644
88 0
64 1853
21 2884
12 2669
55 0
9 1698
19 1971
14 953
