79 3167
71 176
66 1883
13 859
90 2589
45 2222
58 2471
35 3574
16 2826
5 3154
78 1877
61 100
35 934
89 3479
87 2129
14 2100
14 1008
51 3221
37 1523
92 2919
61 200
6 2589
67 1295
83 2713
35 359
18 2838
36 237
15 234
29 1908
33 1985
44 843
6 1762
85 2200
22 3510
75 2005
28 382
62 1755
68 1199
91 150
7 2770
31 3106
44 838
86 2289
46 2520
18 2240
66 1519
46 2821
5 600
92 1648
21 3416
88 2812
11 3567
22 2539
2 3704
2 1254
26 3572
11 1565
61 1768
99 1019
3 440
42 558
1 1830
29 832
46 107
83 2124
69 1450
28 3004
83 2896
32 1496
10 2659
78 3480
9 42
77 597
56 1311
37 475
61 350
24 1790
33 618
32 2370
52 2017
85 1456
71 2442
30 1433
66 347
19 3299
52 752
1 828
63 1086
39 1191
86 3716
23 2964
48 2405
92 1071
33 1803
56 2605
93 3048
78 2198
69 3280
43 3666
89 2309
