59 4406
76 2881
31 1630
63 4564
75 4434
95 2862
12 3193
29 1988
5 3112
100 2965
90 2534
91 4346
92 1752
8 2615
86 1733
79 1959
12 4362
50 2927
77 4521
11 2652
98 1874
35 4539
83 4137
89 2089
57 3408
55 4626
22 1964
98 3421
15 3360
14 4237
8 4065
29 2193
99 3707
61 1580
39 2113
62 3694
73 1968
45 4169
9 3658
6 3614
45 2247
91 1850
4 1863
2 2526
78 2730
16 3942
19 1593
50 2868
10 2676
41 3179
78 4456
97 1692
37 3448
68 3546
24 3737
54 1857
25 2515
97 2703
5 1798
8 3939
21 2682
27 2337
55 4516
14 2600
91 4417
31 3742
55 4453
96 3573
29 1836
91 3829
78 3604
48 2826
47 2852
36 2668
44 2797
17 2289
72 3060
71 4562
66 3848
55 2745
91 2472
21 2028
62 3602
31 1573
45 1562
15 2514
96 2286
61 2585
66 3982
40 2238
57 2322
55 3668
93 2373
63 3313
79 3696
46 3211
91 3043
23 3015
33 4162
72 2057
