22 347
72 1466
77 3092
24 960
1 3865
79 1082
23 1426
71 3517
50 390
70 831
84 3278
27 808
96 2290
54 2139
52 2240
25 1905
30 2742
63 1367
64 1279
87 562
95 1893
49 41
74 2294
40 2192
89 576
9 3645
71 1672
100 3378
34 416
79 2328
21 3642
11 2147
91 3373
85 1657
87 2864
100 101
38 1536
38 1561
49 1972
23 92
32 18
62 3730
37 838
55 1012
100 2324
48 1377
48 2508
11 1854
48 2321
41 2816
55 3834
70 3708
52 298
63 1142
56 566
21 2764
12 3236
81 2887
2 1780
7 1670
37 1726
9 2962
16 3137
15 3899
74 3596
59 1175
79 2623
85 2972
20 1262
43 3250
25 1934
49 3886
36 3026
71 2779
99 524
83 472
25 2502
33 2073
44 3337
63 3857
23 222
7 2761
44 1618
17 2089
51 920
28 3585
68 2928
4 333
86 1212
63 1945
33 3107
24 2281
8 448
68 3787
57 2028
12 1269
10 3399
95 2550
3 2220
72 1821
