39 5567
90 6212
84 1711
15 6558
28 5362
87 5753
89 5000
81 5575
92 1565
73 4228
40 3698
55 3708
14 3372
27 1688
65 6047
55 6348
69 3550
82 3562
44 4545
99 4269
65 3339
46 6231
2 3394
39 2281
96 5446
81 2381
6 3223
67 3592
74 2115
34 2462
56 3791
21 1707
36 4470
49 6435
15 4026
40 2898
96 1995
75 2756
38 6399
94 4152
80 6152
32 6297
71 6293
32 1863
100 4981
14 1597
5 4070
2 1572
86 4060
95 5033
5 2614
61 6615
15 2969
48 3658
42 4919
36 2378
80 2399
64 4487
54 1599
33 2202
18 5070
16 6123
24 4670
34 6314
22 5006
100 2053
39 6234
4 4801
38 3648
46 5813
71 2910
59 2783
7 3663
87 4292
60 2340
5 6219
6 2652
47 5493
60 2292
38 2444
65 4470
58 3946
33 2022
62 4583
84 5097
85 5421
15 2985
20 1743
90 2360
54 3325
11 4264
31 1847
29 5269
15 4825
68 4720
25 2380
97 2567
92 2465
99 6428
93 1712
