75 1397
68 1022
81 831
5 1424
32 596
44 975
6 1092
89 1095
19 1054
14 811
54 731
32 1465
76 914
26 623
19 1229
13 1090
14 632
35 1078
11 935
58 506
28 1378
54 1152
5 1053
81 1343
93 1033
37 1280
69 834
46 821
34 1270
82 1242
76 525
78 944
65 878
8 1500
22 1269
43 1069
40 747
97 1482
42 565
70 1113
61 1321
41 1045
12 1412
25 1015
60 1045
97 1089
78 1224
6 544
41 1401
3 1361
87 1333
83 1085
36 825
46 559
34 1490
95 1040
10 1407
28 1058
45 1181
43 587
70 558
37 963
23 1249
39 1410
8 820
15 579
84 1285
27 1375
62 1215
83 550
3 763
67 1058
96 615
32 529
73 1156
58 1136
8 796
94 1496
5 1153
71 1117
35 645
86 1064
44 703
63 1213
4 1221
87 732
95 1338
68 1091
26 1281
100 986
79 935
67 922
77 1210
54 625
94 1464
73 1400
68 640
40 1097
64 567
89 912
