12 2612
86 4918
54 2003
52 4257
96 5158
2 3664
81 2401
40 3795
89 4233
84 3461
95 3547
75 3587
37 4924
89 2266
35 3155
1 3646
39 3328
84 2256
79 4607
72 3808
75 2286
73 2790
97 3846
97 1931
5 3997
58 4284
63 4751
90 3373
15 3842
22 2403
9 2046
98 3019
20 2918
25 3573
91 3152
90 4791
29 4886
96 4657
84 5264
4 2898
46 2942
71 5144
6 4352
29 4971
55 2781
81 2620
12 3276
47 3155
58 4577
86 2735
70 4632
83 4938
90 5298
63 2284
78 2442
33 2645
78 3413
77 3715
70 2067
84 2892
61 4474
3 3639
84 2151
77 2997
64 3606
99 2823
85 2253
7 4927
73 4213
5 4020
93 3323
84 3210
96 3176
64 3084
76 5323
15 3689
51 5093
93 2396
97 2590
35 4805
75 3830
3 3679
100 3520
99 4669
36 3005
17 1814
88 2331
85 3953
100 5122
82 4999
80 4803
7 2460
33 5106
41 4825
21 1969
94 2308
71 2830
28 4094
41 1865
76 2075
