61 589
88 0
64 533
5 0
75 1693
36 342
40 982
63 1547
43 917
40 382
86 1130
63 989
29 2120
34 1082
34 651
4 2112
47 1071
75 1001
8 112
92 0
86 1543
31 2359
59 1672
7 125
60 730
57 2399
75 1999
17 477
7 0
57 0
35 0
66 2448
74 1547
38 2179
11 2179
32 1957
38 1069
12 476
84 274
43 137
58 562
98 401
21 1290
58 352
21 683
76 0
13 2307
17 1268
57 2302
87 2105
69 967
95 0
100 1913
53 1723
52 0
5 427
22 2423
26 1610
37 472
62 0
100 619
47 836
64 828
86 0
22 800
98 0
32 801
38 0
84 198
47 1241
84 2163
85 1805
37 700
10 570
39 1815
1 1232
73 516
32 939
54 411
42 658
72 1901
17 1694
41 494
31 0
98 0
34 1126
84 1154
26 1142
25 559
41 1121
79 0
46 0
87 2445
56 1054
17 1953
4 808
73 734
7 1868
66 2158
35 0
