81 3062
92 4021
94 3878
66 3239
22 3688
20 4068
14 2036
61 2644
21 3709
23 3616
76 4312
48 3800
92 1903
16 3830
42 2634
37 3157
14 2758
63 1750
97 2205
98 2508
43 3874
59 2473
2 2774
41 3453
91 3821
9 1556
83 3620
73 4357
58 3899
75 2822
21 1925
74 4371
19 2856
93 3232
50 1551
16 1488
60 1481
27 2009
21 1659
33 3605
5 2423
9 4171
69 3730
48 3507
41 2140
85 1712
20 3417
78 2708
37 3870
41 1966
1 3654
46 2159
97 2733
30 3435
23 2876
69 1604
21 3319
8 3557
27 2054
19 2025
77 1988
60 3433
99 1593
38 2970
15 3124
5 2426
59 2681
58 4182
88 2722
63 3158
72 3633
9 4340
93 2312
33 1901
95 3218
53 3294
16 3448
85 2456
95 1473
31 3340
23 4347
1 2326
63 3735
26 2675
68 2416
56 4032
24 4253
67 3989
54 2683
39 3875
85 4335
11 4206
90 2577
66 1872
20 2724
71 4230
22 3223
76 1569
8 3887
75 1495
