57 1823
64 2519
57 1896
75 2304
44 1088
58 2570
46 2590
91 1975
93 2264
33 1723
64 1780
20 2559
40 1685
19 1783
57 2024
1 1383
12 2752
70 2594
21 2782
70 2357
83 2242
44 1523
54 1875
67 1836
40 1134
43 2343
30 2516
82 1928
16 1038
65 2320
61 2978
51 2836
93 2793
85 2575
100 2665
5 2849
93 2758
46 1314
99 2270
31 2342
16 2506
30 2874
65 2665
14 1853
62 2937
3 1859
75 2544
97 2822
71 2703
3 2080
36 1028
56 1281
81 2024
7 2761
85 1359
86 1577
25 1330
22 2759
9 2692
2 2610
22 2889
60 2553
79 1880
29 1289
37 2389
22 2777
18 2269
15 1906
32 1512
89 1049
14 2662
44 2656
5 2705
55 2165
96 1486
39 2239
79 2474
61 1335
84 1919
96 2149
37 2814
2 1472
89 1247
43 2010
26 1398
57 2508
79 1974
76 2440
46 1324
48 1709
46 2431
2 2667
15 1947
36 2117
88 2842
97 2003
80 2635
79 2078
1 1388
67 2718
