32 3896
24 2821
8 4380
26 3035
31 4176
49 2949
22 4618
97 4765
62 3758
17 2679
97 4497
23 3982
14 3956
50 4748
32 3608
83 3885
24 4620
12 4681
44 4738
16 4630
28 3617
47 4601
67 3681
55 3106
9 2914
46 3148
45 4826
6 2494
2 2846
4 3023
62 4708
100 2350
60 4037
41 3601
100 3177
53 2851
33 4629
34 4699
30 3396
28 2467
66 2340
97 4759
81 3795
48 3441
79 4398
35 4169
62 2945
89 2215
49 3734
92 3875
3 4048
9 2667
11 4627
53 2384
3 4049
24 2801
2 3822
15 4055
24 4672
15 2978
68 4767
15 2712
59 3571
8 2977
88 4262
92 3095
63 3982
83 3349
13 2419
73 4055
66 2893
17 2230
30 3508
2 2849
83 4654
45 2249
68 3466
19 2277
72 3890
86 3003
35 4754
59 2335
13 4295
24 4838
65 2875
9 4677
51 4401
4 3678
51 4045
17 2587
58 3670
58 4677
46 4047
83 4551
61 2604
37 2982
8 4733
71 3985
63 4456
85 4263
