72 3380
28 2681
100 3037
84 3022
100 4104
3 2500
29 2766
94 3833
55 3349
67 2484
68 3185
62 2424
34 3953
58 3660
7 4074
98 2303
5 2108
3 3878
54 3922
96 3066
3 2808
64 4014
63 2816
82 2821
94 2758
67 3863
33 2454
100 3553
65 3222
33 2088
83 3760
47 3506
40 3712
11 2231
71 2949
15 3651
44 2480
48 2107
67 2403
24 3895
35 3582
86 2843
2 3807
95 2253
3 2569
49 2114
5 3600
53 2596
81 3934
13 3260
2 3099
30 2745
33 2267
79 2155
57 3393
46 3698
21 3215
37 4072
38 2152
33 4054
27 3669
37 2163
59 2942
7 2132
69 4008
47 3787
9 2572
89 2951
70 3462
94 3526
84 3118
52 4063
83 4090
85 2868
19 4015
37 4125
60 3556
31 3606
38 2453
33 3311
49 3310
75 3168
97 3207
96 2429
72 3643
31 3702
20 4079
42 2305
88 2552
14 3668
1 3355
51 2505
69 2923
30 2244
82 3183
98 3420
76 3781
88 3469
34 3937
89 3705
