86 3380
93 3936
55 4993
68 4716
60 4775
32 4595
12 4170
75 4665
100 3379
93 3855
21 3340
52 3329
20 3767
59 5092
94 4121
35 3573
26 4919
73 4309
27 3283
52 4340
92 4821
67 3500
100 4545
91 4547
81 4800
79 3271
80 4232
53 3802
31 4856
61 3591
13 3868
2 4442
32 4827
20 5086
66 4704
20 4781
35 4193
1 3491
48 4750
7 4538
89 3479
89 4269
43 3311
28 4289
45 3989
24 4630
62 3449
36 4195
15 4426
93 4910
29 4295
90 3644
87 3081
44 5042
11 3532
86 5112
28 3468
59 3358
41 5091
35 4825
96 3563
58 5082
44 4310
36 3973
10 4727
95 3413
41 3476
62 3569
42 3157
82 4299
15 3110
23 3472
71 3851
50 3794
12 4706
90 4232
80 4880
36 5085
63 3924
98 5016
78 3356
47 3181
35 3114
25 3338
13 4274
30 4268
33 4503
22 4477
23 5106
71 4012
9 4698
83 5098
67 4375
97 4027
19 4394
57 3867
19 3249
65 5067
70 5026
13 4396
