90 3433
18 1878
87 1831
61 3128
88 1056
22 2785
52 1606
36 2500
59 3234
27 3885
68 2900
83 1437
28 4650
42 4106
69 1383
49 3271
34 1305
90 3888
10 4104
74 3251
41 2595
56 1151
56 3110
97 1875
66 1909
24 1786
51 2548
40 1303
60 3302
4 3058
29 980
2 4252
44 3835
32 1634
86 2897
77 1930
99 2954
18 2953
57 3561
85 2467
78 4266
40 3960
27 1431
50 1387
64 1259
61 1333
4 2728
85 3801
42 2897
17 2920
45 3376
53 2505
6 4756
20 3348
1 1073
96 3177
86 3651
18 1062
79 4823
1 3655
33 4080
54 1481
50 4123
12 2478
31 2796
72 4025
100 3969
33 1444
10 2643
14 4066
69 3668
25 3199
99 3853
22 1243
35 1821
97 3503
2 3520
88 3456
16 1477
7 4499
80 2181
55 4382
23 1929
3 4534
79 3678
74 3086
32 4605
5 4194
90 3909
43 1441
75 3990
6 4557
20 1749
50 4693
69 1142
50 2754
57 4496
46 1367
69 4493
77 3561
