34 4824
4 3508
26 4719
94 4099
71 5239
40 3534
45 5016
12 4158
32 3287
100 3231
79 3776
17 3807
35 4067
63 3234
68 3497
48 4040
19 4078
35 4478
69 4996
44 4247
91 4723
84 3672
68 3262
51 3601
3 3662
53 4148
84 4871
3 4205
9 4496
55 4869
82 3573
44 4130
38 4849
55 3788
77 4398
82 5035
45 5228
87 4870
74 5324
79 3334
85 4686
42 4701
78 3693
100 3947
64 4892
79 3582
10 5238
51 3970
87 5319
70 4680
67 4344
36 3776
38 4651
22 4017
81 4408
56 4599
81 4324
89 3825
1 4250
30 3835
48 3541
64 4050
66 5242
56 4810
74 3534
93 3942
35 3628
80 3721
89 4192
15 3575
80 4923
94 3554
2 4570
26 4060
21 4969
64 3859
13 5333
79 4071
89 5326
80 3393
10 4769
23 5253
78 5013
80 3340
92 5069
85 3958
5 3617
15 3284
74 4949
54 3570
3 5186
71 4755
72 3667
45 4863
61 4865
31 4129
76 5259
20 3553
25 4555
7 3941
