57 4307
85 3798
64 3565
4 4216
68 4198
52 3538
78 3409
66 3852
71 3550
29 3815
2 3865
83 3787
98 3877
80 3846
1 3845
10 3767
62 3590
70 3595
22 3869
45 3547
51 3784
39 4139
86 3534
20 3798
30 3561
96 3988
49 4174
82 3702
8 4305
19 3478
77 3471
62 4004
44 4225
81 4134
59 4133
53 4140
46 3836
18 4022
18 3762
36 4314
75 4142
78 3540
42 3858
17 3528
49 4086
96 3724
43 3592
36 4015
71 3433
88 3549
46 4025
87 3485
27 4340
49 4374
48 3907
49 3839
46 4342
57 3996
69 4077
11 4377
62 3783
54 4197
54 4108
36 3479
92 3989
27 4301
16 3791
89 3433
98 4350
40 4102
13 3944
43 3723
36 3929
6 3601
33 3819
9 3778
44 3864
11 3555
92 4107
9 4332
21 4125
56 4327
4 3655
62 3606
98 3823
26 3778
66 3631
17 3495
8 4229
20 3808
88 3989
92 4189
3 4298
36 3528
75 3722
69 4106
67 3565
43 4331
5 3419
39 3955
