78 2305
50 3568
8 4365
94 2590
4 4304
28 3362
37 5359
5 3868
31 4324
90 4418
84 5526
42 4351
98 4844
75 5375
81 3787
25 2944
20 5974
78 3772
62 2952
35 4002
89 2947
39 5120
8 4087
96 4688
79 5503
79 5225
58 5091
3 2671
15 2706
16 5522
62 4189
21 3787
61 4978
87 4360
11 5574
55 3899
2 3255
94 2288
25 3675
61 4724
100 5582
78 4127
64 2742
3 2966
90 5504
87 2755
49 5371
63 3957
9 5044
32 5295
100 5376
62 3776
77 5490
53 3847
39 2528
25 2803
67 5267
78 4173
26 5459
93 4627
47 4382
6 4410
56 3126
62 5157
51 5482
35 5361
12 5082
30 2567
34 2349
81 3978
42 3748
91 2691
12 4815
88 6064
6 2821
100 2411
38 2120
96 2964
82 5017
59 4195
6 5176
51 4599
8 2303
51 4110
40 5637
69 2507
65 5397
29 2159
9 5724
39 2559
59 2297
43 4777
5 5517
29 3203
26 4100
94 3279
94 4845
14 4988
47 5289
78 5090
