88 350
3 520
68 3363
79 3485
23 1503
27 2224
53 555
45 876
22 2431
6 0
82 531
3 564
69 3766
9 1936
77 2369
42 2285
56 2987
30 2640
15 1566
33 3298
70 1687
46 1867
4 1885
48 978
45 1655
68 2957
22 421
32 0
97 4012
51 1385
93 1926
95 1048
82 3843
18 661
44 381
42 3424
75 3635
10 1537
76 2194
16 3199
49 1945
16 3987
70 1528
83 313
29 1760
35 986
51 536
86 1835
9 1325
38 0
70 3940
84 1084
61 2068
55 1456
71 1389
16 1700
74 553
72 2866
38 3162
13 2689
35 1566
26 512
14 812
35 1367
70 1839
6 1331
35 2625
15 0
35 467
22 121
54 1880
83 3901
30 0
46 3181
30 1794
8 0
30 1168
69 3063
10 3478
47 276
43 58
90 2460
68 3284
25 1283
61 2543
14 345
53 526
67 0
49 213
100 2677
17 1211
61 2772
14 1711
95 2006
46 2611
16 315
90 1388
2 3610
31 1053
5 1236
