84 950
64 591
78 1153
33 997
61 291
9 780
43 1874
27 1423
83 455
19 89
75 446
37 1398
96 151
99 400
89 1422
51 1853
30 155
77 805
26 1014
5 1274
34 26
68 1529
58 905
70 1324
29 1742
80 1248
41 1670
55 190
41 689
68 1419
84 624
14 488
37 82
28 597
75 176
72 67
43 558
25 541
9 1507
77 1015
53 591
9 1321
46 874
63 1694
97 857
47 397
87 1192
34 1497
63 1230
22 122
56 1581
19 766
19 647
49 92
79 1788
57 1733
44 1774
1 42
52 1440
54 266
75 751
36 235
80 704
11 1809
14 1845
19 1220
60 1639
26 205
16 986
56 1713
11 824
51 795
4 1150
76 1669
14 955
59 1222
58 245
37 381
61 148
54 313
44 337
83 1203
40 862
89 672
48 1913
25 1266
26 1129
63 973
100 970
61 1383
15 119
2 10
13 1373
51 1838
17 1471
19 307
85 269
72 303
72 1839
12 704
