88 1899
43 0
41 0
42 475
94 1133
45 0
58 0
94 61
4 1324
84 2181
2 0
47 2750
67 2163
76 1939
41 584
84 2250
17 0
14 0
59 963
87 446
25 0
71 1023
28 0
26 2059
22 0
27 2422
53 2637
7 2235
29 0
5 2634
56 1895
13 2114
24 1561
76 1224
32 0
68 365
70 0
36 0
65 2246
25 0
61 1514
31 531
99 182
91 0
41 2132
18 0
68 409
5 460
60 0
68 822
46 0
15 1168
47 0
77 732
48 2726
27 585
86 332
63 1524
82 2372
12 2203
43 1672
44 1040
41 0
56 0
82 1584
36 0
85 1243
22 2357
6 53
95 548
64 2414
50 2044
75 371
17 0
48 2307
21 1947
86 161
6 0
39 126
2 701
42 2622
96 147
30 1618
28 1450
77 0
11 2893
48 2259
47 0
83 0
60 2903
7 966
98 0
49 1849
100 1277
73 960
74 0
5 0
89 1375
31 0
97 2896
