59 3664
23 3850
56 4524
42 4622
32 4470
91 3632
91 4019
44 4313
90 3667
44 4567
92 4507
69 4446
48 3919
43 3626
53 3954
60 3821
78 4005
13 3830
11 3785
55 3855
41 4094
81 4275
15 3797
18 4553
98 3848
2 4409
80 3867
48 4007
95 4065
37 4161
46 4498
64 4198
48 3761
51 4017
17 3842
37 4282
58 4428
80 4007
2 3816
5 4591
26 3667
25 4469
99 3772
94 4394
39 4551
78 3857
44 4179
63 3648
31 4579
26 4129
8 4504
99 3903
46 4315
63 4215
4 3857
33 4610
88 4258
73 4336
40 4316
2 3627
6 4204
99 4592
62 4443
76 4208
6 4110
50 3922
96 4308
72 4547
61 4025
41 4603
34 3872
14 4444
97 4601
22 4601
38 4357
72 3847
9 3946
57 3992
100 4617
46 4500
57 4187
53 4582
7 3692
94 3926
58 4002
79 3692
38 4078
79 3812
64 4510
41 3723
3 3770
93 4606
54 4049
81 4524
82 4211
13 4206
7 4360
79 4535
59 3959
58 3996
