79 2467
91 2624
12 2325
4 2196
43 1438
81 1363
36 2712
35 1927
66 2822
13 2120
52 2459
83 2828
30 1805
47 2902
60 2112
61 2544
27 1455
10 1688
60 2705
33 2180
81 1830
54 1358
74 2773
56 2752
33 1732
11 1025
53 1561
52 2039
62 1722
96 2319
76 1244
76 1561
28 2447
20 1875
18 2037
79 2789
64 2093
36 1962
21 1968
9 1507
25 2514
47 2896
29 1965
29 1850
31 1440
27 1005
47 2678
26 2132
77 1689
92 2621
16 1914
95 1375
32 1153
95 1268
30 2525
53 1773
99 1885
95 1586
93 2803
50 1382
22 2797
5 1134
32 2454
54 1051
11 2674
96 1105
14 2507
76 1621
54 1570
39 1904
74 2465
100 2009
85 3001
61 2576
44 1098
50 1460
14 2056
38 1765
34 1569
40 2034
20 2879
63 1461
95 1133
59 1568
4 1838
80 2807
33 1398
13 1229
58 1612
35 2402
94 1460
67 2760
92 1528
54 2292
4 2495
72 1073
76 2463
4 2491
85 1736
60 2424
