76 3955
10 4168
13 4673
37 2036
78 2339
100 4477
8 3617
81 2708
69 1341
55 1495
31 3114
99 4541
56 2552
96 1773
75 1059
22 3312
65 2513
6 2780
50 2234
40 4962
8 1410
68 2384
61 2618
57 2838
39 1384
30 1036
57 1370
43 4972
39 4343
86 3239
41 1093
18 1984
24 1762
57 1781
34 2660
19 1570
59 2694
7 4684
97 2642
91 4102
68 2321
44 3432
14 4201
31 3182
55 4400
19 4539
60 1752
69 1392
88 1182
42 2797
45 1494
38 1500
18 3705
27 1618
12 4844
29 2148
33 3048
5 2791
62 1144
95 3796
90 2666
54 1399
23 3464
50 1304
88 3871
40 2933
44 4270
13 1484
83 4196
25 4696
32 1092
89 4873
90 1376
49 3524
51 3964
42 1279
55 2126
56 2880
22 2881
84 1907
20 2760
3 4106
100 3220
53 3627
94 4301
33 1500
44 1193
57 4992
99 3769
30 4188
54 4448
83 4799
67 2987
23 3629
55 1389
37 4042
47 2568
69 2952
35 3746
60 3120
