1 1205
58 648
2 499
41 728
1 652
20 1066
55 705
34 1116
46 595
34 710
4 1380
98 704
27 917
100 1282
52 736
61 684
7 885
89 898
2 1128
68 692
17 850
62 576
96 549
71 871
60 787
89 1307
64 541
11 969
3 827
49 716
61 698
13 1192
77 935
78 635
97 539
45 1433
22 960
27 1102
5 829
49 590
21 689
92 767
12 1402
37 917
53 593
57 987
71 705
97 931
64 720
92 1003
16 1255
71 649
74 873
38 1007
37 1188
86 1055
84 862
87 738
49 822
30 913
85 829
49 895
2 732
42 1135
42 484
79 930
83 1102
66 491
98 977
31 1132
25 716
99 1229
70 1383
1 1239
62 1333
12 1077
13 865
8 679
70 509
71 716
93 950
29 591
33 956
60 1088
60 877
5 1199
17 968
2 891
55 1332
84 604
12 1093
48 1355
14 489
86 1257
1 1236
90 1079
72 1366
2 957
33 614
13 547
