74 6314
91 6715
47 4195
95 6144
90 1993
21 5041
62 2952
34 5621
62 3357
89 2800
77 6715
32 4986
74 5035
38 4496
88 4202
6 3252
67 6617
58 4322
39 5867
32 3315
37 4513
66 2204
60 3235
97 2245
83 6069
85 3610
76 6049
48 1910
24 5584
55 3033
97 3183
57 3617
51 4090
41 3356
81 6461
77 6617
45 5392
31 4497
62 3516
80 2339
47 6138
23 3003
8 4897
75 3545
65 1876
43 4870
51 5700
74 2328
71 5342
96 5873
27 2840
15 2729
80 5104
26 3340
49 6025
5 3859
21 2450
96 1921
86 5714
1 5972
92 3518
28 2246
6 6027
48 4321
73 1978
22 5976
34 4342
33 2384
81 5612
38 5147
27 5405
4 3682
79 6066
69 6777
52 2019
23 3059
49 5339
39 3560
42 5614
39 6428
89 3418
68 6415
39 2639
8 6100
72 3497
12 4971
76 2697
2 1905
31 6151
46 2782
84 5137
60 5250
65 3425
43 3393
55 2004
46 3496
45 3701
52 2073
60 4587
56 3361
