79 1081
100 2038
22 1984
14 1437
6 1572
24 875
79 88
77 1446
80 2021
76 1261
80 487
74 0
86 303
57 998
99 2254
13 729
18 1021
51 579
71 1345
67 0
53 0
6 0
19 1855
90 2255
17 26
2 1431
71 839
20 243
52 1268
21 1193
71 425
36 1513
43 1026
21 995
4 0
71 1424
31 875
79 0
1 1151
61 1140
12 497
41 2147
83 1063
8 0
17 291
89 1573
51 1337
56 0
39 89
8 1106
53 2083
31 0
97 748
79 2002
9 590
31 255
24 1102
11 2154
90 78
3 0
57 1753
7 0
13 1138
37 0
3 541
100 1762
19 1745
90 0
15 0
42 832
59 2210
3 1957
30 0
37 556
33 29
42 257
38 0
34 2214
78 349
31 2133
25 301
93 0
31 1073
98 769
76 0
75 192
11 2017
44 163
16 283
20 1180
99 0
90 166
99 1252
53 0
63 689
47 1923
3 450
1 1103
74 1710
71 1139
