54 1603
74 2278
27 2053
36 2655
36 2272
87 1357
32 1502
45 2921
30 1371
32 1161
43 2556
27 1211
84 2521
32 2503
73 1830
95 2243
83 1998
29 1831
72 1912
52 1038
46 2138
24 2080
72 1626
34 1624
74 1145
65 2917
39 2783
40 2982
18 1384
42 1672
13 3090
22 2681
86 1667
3 2727
29 2019
56 1300
79 3073
53 1677
80 2359
15 2917
81 2575
32 2729
92 2650
65 1162
69 2534
4 2146
32 2094
77 1248
27 1791
46 1247
17 2021
62 1696
94 1309
32 2021
48 1209
94 2287
13 2193
18 1387
25 3021
13 2145
25 1068
100 2911
31 1203
85 2305
55 1447
71 2159
62 2920
7 2929
72 2059
93 2984
34 2379
99 1759
3 1837
99 1921
12 2635
61 1962
39 1142
4 1723
37 2429
95 2981
90 2992
84 2957
8 2929
55 2547
65 1625
44 1896
99 2036
50 2824
96 1254
43 1398
90 2946
75 1486
12 2806
61 3067
89 2878
7 1857
87 1514
4 2744
67 1979
67 2856
