40 0
16 0
96 0
33 2360
16 2383
73 1839
50 0
13 1539
73 99
98 1966
56 0
35 139
29 18
25 1077
56 1147
99 0
7 2232
86 2145
68 0
47 1709
94 437
28 2005
72 2113
72 1587
23 1692
70 1425
92 0
76 1343
91 965
76 1750
6 0
32 96
50 1422
9 1448
21 2268
58 1957
67 1240
96 1833
97 1036
56 1273
81 1917
53 1548
51 1349
60 2236
58 2425
18 372
9 0
18 2218
94 181
73 1518
97 2152
60 1939
3 0
72 0
14 739
34 1256
80 1766
16 435
83 931
95 1374
95 0
45 1817
16 1941
20 718
18 889
94 1589
6 1148
88 0
24 1252
58 1178
38 333
70 42
21 1850
98 0
70 0
38 1503
99 444
25 2284
1 0
67 933
12 1676
9 746
81 2341
37 1337
6 1222
59 464
63 1915
28 0
12 0
7 2080
56 1330
45 528
9 681
43 2057
58 2112
30 604
4 0
18 562
9 681
81 1808
