46 1935
92 587
34 2499
26 1826
85 2379
67 2478
35 711
66 2609
18 3349
90 562
76 492
4 2457
24 3182
98 1074
46 3009
93 2583
87 1851
38 672
90 684
65 919
10 1876
46 1074
7 1957
87 2236
10 3165
39 2102
53 2980
39 518
99 3320
24 1238
43 1053
15 684
82 3047
72 933
23 575
16 2302
3 1745
20 2984
45 2927
27 673
5 2511
32 3176
10 3334
27 2454
11 907
55 1007
1 2280
43 3200
64 2449
41 3110
65 2560
46 2743
81 2733
24 673
51 1434
83 1693
96 2607
3 3036
72 1907
45 1629
36 1542
10 2701
37 3295
21 2794
31 2012
44 2333
41 1809
76 1720
44 3302
80 1163
27 3195
89 2935
3 3344
26 1869
2 1028
33 1431
92 1803
46 1707
86 2327
18 577
96 648
6 2320
69 2613
21 2846
54 2309
81 1157
3 574
45 1438
85 1477
55 712
84 1342
41 1519
57 3248
59 1673
97 3345
88 3134
42 2189
37 835
66 3260
95 754
