5 4953
3 3447
85 5056
68 4096
1 4541
9 4875
16 2262
64 3774
9 2210
79 1284
98 4762
62 1148
75 3618
67 4215
54 3525
53 4250
48 1376
23 4005
65 2132
95 3159
63 3112
75 1883
65 3410
26 4325
90 3605
98 1652
49 1681
67 4833
71 2940
32 3807
27 4498
61 4906
84 4369
84 4533
7 4825
82 1525
87 4584
91 3134
72 2204
56 2098
14 4663
64 3550
13 4591
31 1609
96 4624
89 1313
76 1227
80 3840
34 1158
97 3393
69 2503
51 3240
53 2185
6 3229
28 5014
12 1773
25 3625
44 2966
77 4600
30 2372
43 2679
68 3769
66 2176
87 4307
66 1146
47 1492
22 3278
28 2336
80 4883
4 1165
68 2208
79 4148
43 1703
24 2414
6 1909
7 1212
82 2300
29 1543
87 3760
5 3243
66 2402
14 3949
24 2014
48 1550
96 3287
53 3674
52 4816
72 4118
69 3446
9 4297
16 3385
71 2647
8 2528
87 1953
67 4454
12 2241
84 4299
12 1487
6 2432
35 4101
