34 2739
37 2699
94 4157
25 5513
91 3422
2 3115
49 6786
6 5027
39 1918
35 6721
62 2575
71 2830
9 3939
25 3685
43 3198
76 5443
31 5619
61 5288
19 3493
39 1953
66 2317
10 1896
75 6312
50 4746
45 4686
66 6001
75 3795
84 4580
92 2166
54 4590
96 2590
7 6265
67 6392
61 3186
98 5679
79 3836
59 2257
71 4877
42 3426
88 2935
96 1640
49 4540
49 3615
45 4442
41 1860
88 1914
54 3247
48 6687
90 1629
93 2136
42 4857
99 2166
50 4153
93 6259
35 5913
4 2633
22 1652
83 6263
56 2397
68 4826
61 4405
27 4792
73 5644
32 4900
67 3965
94 3517
36 3786
26 5172
49 5893
82 2053
33 2816
24 4411
69 5275
16 3624
96 3321
13 5315
70 4553
45 6502
7 1858
61 5402
2 1844
33 5928
46 2103
79 3593
94 2127
100 3313
9 6384
9 3699
49 4801
98 4617
58 2566
34 3479
66 4660
61 5571
90 3213
64 5172
47 5150
48 3602
87 2235
7 4238
