100 472
81 153
16 1240
21 1903
10 460
40 2076
70 0
70 2725
58 3009
22 0
32 1930
11 652
25 2947
80 2667
99 1846
39 1155
74 0
62 2104
25 817
87 2463
25 488
90 1724
39 2836
3 78
14 0
95 1161
41 1551
73 2449
46 359
69 1896
81 275
100 1555
86 2063
19 0
22 2160
28 0
28 1033
38 1987
49 206
40 668
36 2202
86 0
59 0
14 0
99 113
18 2235
42 0
7 0
90 925
20 881
55 598
12 495
76 847
98 0
65 0
75 3064
91 2450
94 2249
80 2506
77 301
68 2325
74 1598
62 480
38 2518
99 1537
64 831
36 3040
98 769
93 2954
48 1561
71 1944
61 833
28 1780
39 0
37 2292
74 297
33 1033
39 1460
41 2031
11 0
44 0
11 0
47 2598
74 1945
39 1711
4 2723
17 37
56 0
63 2999
76 0
44 2976
84 0
84 1358
12 1284
2 2416
34 2297
49 860
77 0
97 1509
75 0
