23 1660
80 2004
5 1462
18 2006
97 2334
49 2331
49 1818
29 2234
42 1977
3 2320
40 2307
58 1822
68 2229
14 1739
83 2195
50 1489
3 1696
24 1971
45 1483
24 1662
58 1653
44 2205
1 1663
87 2300
51 1537
62 2299
58 1868
65 1860
54 2270
19 1716
20 2024
61 1973
75 1652
75 2035
7 1615
94 1677
37 1912
22 2281
41 2388
58 1871
4 1867
80 1728
51 1494
74 1826
10 1529
65 1724
79 1727
58 2072
4 1926
5 2026
82 2234
53 2075
86 2191
10 2271
36 1889
20 1966
34 1878
16 1695
11 2081
67 2155
80 1529
64 2381
95 2254
14 1573
89 2103
47 2152
69 1937
7 2250
61 2010
32 2215
39 1864
2 1554
25 1558
33 2259
87 1434
56 1828
64 1614
96 1950
90 2193
17 1989
48 2387
24 1880
13 1553
5 1836
43 1661
42 1506
8 2229
93 1719
81 1481
49 1752
97 2015
88 1626
24 1782
62 1480
51 1513
52 1810
68 1573
56 1520
87 1502
83 1552
