57 2184
99 1894
85 1689
90 1581
63 2269
8 1710
20 2092
6 2449
20 1593
69 2129
16 2413
17 2480
34 1746
99 1533
11 1767
69 1572
20 1842
1 1543
50 1630
53 2362
46 1766
77 2058
2 2016
14 1930
25 1651
56 1578
53 2076
80 2254
74 1947
55 1686
50 1865
51 2437
97 2461
42 2156
80 2106
26 1888
71 2282
44 1780
24 1891
83 2066
79 1840
55 1958
85 1804
52 2208
17 1631
56 2245
26 1522
99 2243
18 2303
31 1554
98 2064
62 1573
2 2091
26 2266
79 1710
44 2179
77 2459
80 1691
59 2193
77 1919
22 1782
54 2367
95 1960
13 2420
39 1678
81 2139
86 2001
27 1739
77 1668
31 1874
83 1999
4 1942
79 2034
18 1880
96 2460
63 2479
14 1798
54 2166
11 2149
52 1936
18 2270
60 2306
2 1571
13 2265
44 1780
59 1744
49 1946
94 1596
76 1496
42 2231
56 2031
85 2042
88 2130
91 1620
15 2146
48 2449
23 1512
5 2401
4 1759
37 2296
