51 1403
17 1320
70 1157
55 898
89 936
19 970
28 1120
19 967
77 691
86 633
69 729
10 674
30 1452
95 1191
40 1094
37 1577
34 1052
100 1132
74 1061
89 1185
61 625
66 767
75 683
36 1129
90 627
4 1362
27 900
62 644
64 1454
69 1537
86 1558
65 1008
19 1575
33 1223
58 1365
18 1268
95 1395
41 873
78 1473
41 1315
92 1075
5 1602
86 922
51 1334
74 1295
81 736
10 1387
74 718
71 717
14 833
96 1440
32 1189
20 1231
73 1003
38 928
81 1194
12 615
37 639
40 1173
94 1577
67 859
57 766
98 1255
65 765
17 1414
90 687
26 1496
44 568
42 865
21 619
95 909
46 544
69 1095
27 788
66 954
3 680
74 1591
74 979
44 768
71 1621
50 1567
1 1514
23 991
62 1139
56 1437
99 629
60 861
11 573
84 923
89 639
89 1170
3 914
29 1610
13 763
97 1128
87 994
80 555
76 1362
3 1532
75 1438
