7 926
59 1755
70 0
19 2343
60 673
12 808
8 2922
24 327
20 1285
53 2711
76 119
46 2707
11 821
83 1265
86 1450
36 2163
55 1281
43 0
23 0
8 2321
47 2065
60 1134
52 1167
63 2428
7 3059
31 0
5 3006
50 129
79 370
57 18
85 230
67 1459
78 2828
96 2246
74 1563
55 1909
82 661
64 2404
70 2783
31 2699
66 0
15 2848
76 1471
71 2395
78 1193
37 2450
69 1508
30 2245
38 2198
12 737
46 2179
69 2559
39 1183
65 0
81 0
31 1973
91 2052
29 2861
19 171
88 12
33 278
14 1036
10 0
77 191
69 2093
43 214
37 1966
77 1524
15 0
14 0
74 2373
99 2574
48 1430
65 2486
14 2541
81 900
97 1899
18 1548
78 0
99 1237
60 0
9 357
58 167
67 649
90 21
31 0
72 998
45 1884
66 351
78 1478
45 2383
98 1335
63 0
8 0
99 0
6 0
63 1059
50 1190
91 2836
52 0
