40 2485
30 3110
19 2710
65 2938
92 2578
64 3332
16 3150
15 3346
94 3166
76 3349
35 2722
71 2838
53 3355
65 3346
80 2833
97 3192
67 3182
54 3422
88 3416
66 2766
43 3126
50 2893
69 2914
67 3421
35 2530
89 2950
11 2995
45 2757
47 2822
27 3211
36 3333
66 2903
60 2560
54 2886
86 3284
58 3233
40 2920
55 2876
66 3072
76 2828
37 2675
78 3023
89 2575
56 3380
39 2585
59 3388
11 3016
45 2545
55 3090
64 2666
26 3414
50 3247
81 2608
68 2640
6 2852
10 2649
1 3040
62 2850
7 2802
17 2812
79 3409
46 3240
89 2955
22 2815
77 3019
82 2708
46 3043
61 2476
10 3276
39 2929
55 3100
82 3136
17 3409
2 2931
27 3277
15 3303
31 2616
16 2499
59 2804
1 3403
50 2544
46 2873
40 3191
71 3053
82 2981
83 2591
3 3415
13 3326
51 2989
68 2516
29 3097
31 3031
16 3237
71 2560
52 2834
68 2850
56 2802
91 3372
33 2863
4 2488
