47 0
57 630
18 1792
57 3364
50 963
2 4668
65 2558
61 3025
41 3449
16 3038
37 1607
38 0
26 2295
11 4437
29 2984
66 4272
84 3615
86 3205
24 1889
87 4557
30 0
26 1242
57 3780
85 1721
18 2341
45 1039
12 458
83 0
11 4124
32 0
89 407
92 4210
54 2673
22 1662
15 2052
30 2389
81 4482
76 2596
17 565
91 306
89 148
64 4158
48 658
49 971
89 0
57 4546
57 311
68 975
63 0
99 2663
98 3051
25 2845
93 3603
85 3994
58 0
57 0
89 566
75 0
74 0
84 333
71 3564
22 3306
11 873
100 4481
77 0
54 0
63 0
57 1221
7 2803
82 2412
26 3095
62 2189
89 2257
24 826
48 4118
61 2082
99 4521
16 3427
92 4218
5 1433
41 0
90 1434
18 2085
28 4666
69 0
83 1357
89 2995
42 3200
67 0
9 569
47 2844
81 1896
6 3009
25 4408
12 3376
75 879
85 3417
11 1440
24 1423
28 119
