52 1534
66 2915
12 1080
47 197
58 1673
60 1206
41 2683
72 255
70 3272
50 2706
96 3034
58 3049
33 858
33 302
84 2230
95 2056
65 3571
94 3731
63 2970
80 1505
74 1030
47 905
88 3061
25 457
18 1022
28 881
70 2690
96 1431
54 1335
41 819
69 1542
52 1233
47 617
17 2122
74 3565
24 927
50 2002
17 2503
55 3378
77 1646
23 3222
8 3646
94 3110
17 1204
79 2761
10 490
32 3841
64 1050
68 3472
12 2101
14 2587
85 2344
1 3288
45 1003
6 417
68 1175
87 1275
10 2896
85 1497
37 3189
29 2374
34 483
81 1066
76 51
73 743
1 3575
12 2177
55 2697
43 3789
15 3089
4 847
46 2125
26 353
31 803
63 3481
4 1979
10 298
67 1750
86 911
24 645
62 2657
74 2674
3 3034
62 2188
27 1488
19 358
21 636
73 1449
95 1852
57 3415
11 2386
59 2257
81 1123
91 1009
97 2656
27 2036
13 2686
76 1332
42 1771
92 172
