22 719
26 573
39 1399
66 1799
34 1769
77 1959
16 329
72 1222
12 1015
21 227
13 473
67 985
59 1770
39 699
4 43
83 2189
24 371
55 1585
71 1751
27 1789
88 1759
76 1077
62 647
29 1554
68 1680
53 637
41 1257
97 1827
95 2070
70 1512
57 1973
70 1651
100 2059
13 2157
61 1861
91 2105
9 258
18 608
37 9
55 1412
74 1555
80 2044
15 569
96 849
69 2001
40 895
89 1764
72 1672
20 1757
21 826
67 1277
87 481
46 1815
80 1710
38 1858
5 1107
90 2168
73 446
5 2134
54 2055
94 2051
83 1975
81 1062
27 116
91 190
93 1061
72 1115
72 1660
11 1707
24 1044
32 910
67 567
60 919
93 1527
99 1302
60 571
49 868
42 1101
55 2171
89 2
48 449
88 2033
16 1531
41 376
41 556
73 708
84 1634
48 2210
83 127
80 206
74 1505
15 993
6 1239
53 966
46 905
35 1721
75 368
41 1240
94 1673
81 274
