26 1922
37 2923
59 2352
9 3834
6 3376
65 2352
55 3331
74 2331
28 2817
9 2437
48 3449
25 1580
78 3823
79 2232
39 3401
47 3151
90 2834
46 2263
74 4209
60 2819
71 1609
68 3599
70 4018
81 3980
85 4109
75 2563
85 1754
65 3035
63 2497
3 2495
27 3579
59 1692
87 2424
25 2916
42 1595
60 4196
76 1998
2 2760
12 1912
65 3488
28 3612
46 2054
81 4344
44 2695
70 3349
37 3182
91 2370
44 2332
95 1676
6 4104
32 3983
58 4145
57 3558
54 1688
54 2878
44 4063
100 4361
15 1785
17 3287
56 2018
17 3680
18 1708
37 1931
91 3834
56 2003
28 3786
34 2560
77 2047
75 2057
48 3541
52 2522
47 3501
72 3117
86 2822
1 3779
10 4362
33 1570
48 3274
41 2559
7 2604
72 1690
41 2012
1 2978
47 3452
43 3526
48 3208
34 4142
61 2700
75 2023
13 1831
87 2944
56 2290
57 3752
3 3297
43 2610
97 1926
79 3878
19 2343
32 3628
40 2720
