29 5314
13 5322
60 3378
16 5300
20 2957
13 2201
81 2201
25 4906
17 2256
53 1942
29 5184
55 3746
35 4850
45 2262
79 2069
93 4073
11 2493
90 5258
92 3643
43 3572
12 2610
54 2532
70 4533
95 3187
2 1840
100 4923
9 2563
74 4444
70 4225
21 2750
4 3727
64 3615
67 2688
37 4302
35 4620
23 3739
62 4699
39 2150
86 4067
9 5030
48 2773
29 2087
37 3222
69 4850
54 3679
94 2796
95 4732
2 3467
35 4598
96 4621
6 2063
43 3968
100 3523
74 5318
27 4011
15 2880
19 3170
47 4357
60 3340
15 2469
48 3917
32 4170
13 4652
18 5394
73 2051
63 3778
60 2081
100 3003
20 4513
16 3594
60 3161
48 5405
63 2591
25 5041
94 3616
89 5376
6 2905
68 2997
72 5474
1 2483
75 2333
95 3680
51 3090
51 4094
72 4332
92 4786
22 2963
33 2674
22 5009
15 2809
33 3657
3 1859
78 4633
9 4509
7 4528
49 3978
59 4063
1 2389
11 2285
38 2635
