63 1749
9 2475
32 544
87 550
31 3562
53 1739
14 644
68 2564
82 1463
44 3528
56 1391
6 1788
60 2509
47 1361
100 1295
2 3013
69 1871
17 3474
41 2635
40 1087
94 3555
27 2858
64 3612
32 3475
8 2511
85 2805
63 702
36 1291
42 3486
72 1958
3 2125
66 3501
72 2476
75 3530
4 3475
12 3258
14 2864
93 2000
1 2872
12 3670
76 3517
8 1853
93 1079
72 2014
55 3272
6 3109
72 1074
55 3105
51 1814
100 1431
94 1846
71 3365
20 2002
22 641
91 1013
95 3616
79 1717
63 3668
24 2741
55 1816
35 2790
75 3568
87 2995
84 807
20 3022
31 3500
73 3122
8 2074
71 3389
30 1251
31 1533
67 2819
99 1450
87 1348
5 1441
46 2695
53 2930
34 679
25 3235
70 1827
56 1553
88 2068
34 2124
58 1189
71 3428
49 1286
72 3391
34 1441
34 1523
71 3192
82 3595
74 1752
34 2843
77 3704
72 1272
66 2573
93 3572
47 1536
95 1134
58 2402
