51 2353
81 2339
72 3480
90 3439
52 3209
80 2906
47 2905
4 2749
66 3184
57 3726
87 2684
40 2182
97 2386
17 2941
86 3475
70 3366
41 3210
77 3683
5 2504
55 3425
99 3829
80 2562
52 2822
98 2772
97 2865
11 3400
37 2539
62 2419
97 2417
54 2321
48 3518
10 3409
10 2033
45 3855
25 3100
20 3213
80 2816
23 3576
70 2588
17 2524
1 3047
15 2208
85 3762
11 1939
97 3473
9 1986
85 2329
22 3236
16 2772
32 3150
39 3711
77 3456
78 2586
41 3275
46 2777
16 2081
79 2505
38 2851
77 2789
7 3563
5 3515
24 1947
88 2168
20 2167
23 3737
19 3168
79 3677
34 2091
88 2857
20 3610
33 3704
29 3128
45 2048
58 3625
11 2575
9 2121
8 2546
6 3456
96 2916
75 2216
78 3708
11 2204
48 3807
100 3144
25 2234
1 3823
59 2536
62 3557
43 3226
21 3294
14 2130
41 2320
99 2099
14 3659
21 3085
86 3357
69 2144
23 2714
95 3580
69 2282
