29 1913
65 954
33 1302
14 19
64 1493
82 125
6 1383
14 1744
41 1346
32 917
76 1647
18 805
74 612
47 1408
56 1157
54 1081
19 585
43 1510
30 1397
79 438
50 662
91 1157
67 1696
62 1014
62 647
88 1469
62 464
27 1713
92 1982
19 1358
73 1009
85 1611
93 1489
2 118
5 935
18 534
54 263
20 1769
76 869
68 1334
35 218
30 148
59 1780
15 363
44 1643
61 1625
72 1770
34 756
74 250
55 83
92 1904
67 1173
15 706
58 1596
80 1601
46 1462
9 1798
99 1845
88 388
81 1862
47 1055
56 82
3 304
100 1591
63 1604
29 1830
87 1310
25 922
4 902
75 1452
79 1847
58 264
55 1131
6 942
80 916
71 60
93 658
39 1660
98 1886
54 1715
25 1047
35 569
7 213
84 50
16 190
96 1060
40 354
66 977
24 266
1 962
71 924
6 204
59 1719
12 1969
7 1674
7 448
86 1266
50 34
13 1511
99 3
