1 2263
99 3956
61 2401
99 575
97 3839
32 4822
80 998
7 4782
7 4225
18 3790
26 4285
47 4484
10 4974
2 4597
88 5171
51 1419
86 3018
94 2367
48 1060
27 3201
7 1233
20 2304
64 1971
98 1803
62 4038
74 3708
14 3324
18 1134
70 1539
25 4453
31 2692
16 4448
35 750
4 2602
67 4584
19 1308
6 3085
97 1318
91 3477
95 4218
10 2708
90 4436
90 2036
5 3262
78 5005
79 3451
67 2234
46 2776
11 3989
4 756
12 5228
79 979
8 735
65 2464
74 681
62 3185
11 1943
62 2406
30 2407
77 5259
65 4066
41 5160
67 1466
58 3772
18 5182
4 1356
37 5068
44 2512
88 4568
68 4397
51 2868
30 3218
40 5192
19 4415
83 4211
47 4631
59 5217
68 1866
8 4479
29 1961
94 1126
61 4160
88 4218
71 3303
41 1310
48 509
10 5133
45 3883
100 1783
95 4890
35 1616
16 5020
50 3454
82 2092
54 2578
72 5215
12 3775
52 4663
2 4061
5 3031
