20 2120
12 1623
3 1885
38 2190
11 2220
98 2199
38 2229
32 1659
87 2257
99 1559
12 2198
45 2337
68 1808
27 1640
11 1673
21 2167
94 1708
72 2269
87 1697
24 1965
79 1489
66 1531
9 2009
89 1747
9 2384
59 1960
70 2323
19 1826
10 2085
64 2394
16 2052
30 1592
76 1610
55 2111
97 2050
30 1980
34 1489
38 1879
58 1709
81 2381
40 2123
53 1962
78 1774
38 2185
96 1483
55 1544
66 2029
18 1513
66 1762
3 1884
40 1788
70 2168
36 1810
27 1776
69 1907
49 1838
18 2132
64 1776
43 2033
48 2036
11 2042
83 2051
57 2192
8 2374
1 2022
92 2038
80 2005
31 1792
10 2031
86 1784
69 1491
90 1468
97 2165
56 2430
63 1810
80 1754
66 1660
25 2041
81 2123
100 1890
39 1913
44 1871
68 2055
39 2121
71 1781
60 1952
7 1536
19 1949
95 1554
36 1925
14 2198
36 1976
49 2331
19 2225
67 1816
76 1896
14 2235
52 2107
12 1871
3 2364
