18 1271
36 786
31 1895
76 252
86 1352
10 200
52 1606
98 1215
11 1173
62 251
31 1032
73 1041
81 518
36 1394
72 964
56 333
1 1846
84 149
66 1591
75 1443
86 251
39 1842
50 683
20 142
86 1680
41 1024
71 572
62 56
65 634
31 785
87 1155
12 1456
12 1989
5 1242
5 817
83 754
95 492
6 61
46 1752
19 129
93 518
31 173
97 63
95 388
26 1562
28 1410
78 1466
63 1307
42 1451
79 1063
85 181
76 1664
47 242
6 663
56 992
67 483
7 445
99 91
86 673
82 1215
10 53
54 1175
75 363
71 208
69 1499
69 1576
96 179
48 1149
2 853
88 1763
5 1164
87 1171
79 1118
66 764
98 1291
39 1967
53 851
49 832
41 1440
21 717
2 1755
55 412
52 722
26 1132
19 495
6 1488
45 252
28 834
35 124
49 777
23 1644
19 223
18 342
8 1311
64 885
73 1553
26 156
81 688
55 1332
46 1898
