14 3110
32 3561
28 4784
95 4437
72 2947
83 3002
53 3603
17 3606
25 2911
14 4151
48 4652
75 3407
48 3641
37 4190
48 4402
21 4420
42 3885
72 4786
56 3525
65 3914
22 4405
50 4049
49 4088
2 2932
23 3885
68 4277
85 4408
30 4422
71 3164
57 3140
78 4206
74 3271
46 3325
80 4578
51 3382
79 3676
13 4546
41 3339
62 3354
20 3590
73 3091
44 2943
4 3627
39 3871
48 4075
71 3950
7 4725
18 4476
25 4438
11 4335
43 3125
36 2921
21 3981
63 3053
60 3939
82 3503
74 4039
2 3699
68 3181
89 4224
72 4349
26 4596
60 3913
89 3638
44 3562
12 4317
1 4166
45 4717
11 3427
49 4311
49 4633
75 3911
72 4362
59 3548
27 4386
2 3087
85 4013
19 2909
6 3692
59 4584
52 3484
87 3007
95 4130
47 3772
43 4663
26 4449
13 4119
97 4361
70 3764
66 3229
4 2997
70 4653
80 4816
91 4190
33 4567
68 3046
38 3878
55 4694
94 3912
20 3448
