71 2655
91 3103
6 3431
73 3555
62 3295
1 2412
6 3593
63 3656
60 1777
87 1975
24 1779
46 3229
66 3976
50 2947
20 1926
67 1713
18 4279
79 2217
80 3468
20 3301
94 2380
90 2124
85 3342
88 2580
27 3542
96 4168
75 3423
18 3001
15 1873
63 3094
27 1679
28 4154
80 3244
31 1871
53 2975
2 4279
41 3913
88 2280
82 2599
29 2166
64 3246
48 4133
14 2799
39 2630
53 2742
68 4157
100 3367
67 1962
90 2034
14 4431
41 4379
91 3093
65 3817
4 4294
10 4119
52 3037
27 4509
56 3856
33 2354
7 3832
65 4445
97 3363
15 3658
77 2238
49 3733
2 3038
97 2617
89 2166
24 2602
37 2486
84 2972
19 1925
99 4423
10 4084
29 4385
35 1953
27 3744
96 1758
80 3890
7 3565
48 3223
8 4440
55 1755
30 2408
35 2619
24 3805
97 2114
95 1714
45 3160
38 3148
84 2110
21 3246
64 3175
65 2231
27 1551
22 3406
96 2629
22 2790
21 2067
96 1740
