58 3178
86 3354
54 3978
7 3482
72 2669
25 2965
51 3392
17 4123
59 4003
62 2772
99 2719
35 3349
94 2198
57 3669
14 3867
13 2960
91 3318
100 3416
28 2436
67 4064
65 3865
49 2476
61 3325
76 3688
65 2413
41 2742
87 3401
66 2882
72 2356
59 4107
7 2884
51 2731
14 2303
85 4068
88 2828
77 3626
98 3839
69 2306
100 3490
99 2272
44 2794
15 2445
22 2987
48 3666
16 4120
24 3929
19 3840
61 2220
57 3019
65 3038
28 3850
27 3517
34 2800
6 3484
16 3458
13 3702
98 3667
86 3307
57 3150
33 3152
58 3766
65 2711
8 2561
74 3533
65 2579
13 4171
33 3287
13 2746
3 2165
15 2438
35 2986
76 2235
93 2302
30 3663
76 3268
72 3854
79 2277
47 3310
72 2375
43 2439
39 3665
97 2271
65 4102
91 3761
20 3534
25 2548
99 3269
44 3719
57 3060
35 2119
60 2150
89 3597
68 3949
38 3320
76 3842
19 2176
81 3481
22 3225
19 4094
70 3607
