38 3491
8 2012
51 3272
18 3216
43 3811
34 2385
89 2016
22 2722
18 2535
63 3742
2 2785
13 2256
10 3679
82 2206
83 1976
63 2768
84 2811
48 3370
25 2699
60 3074
12 2673
84 2794
50 2551
21 2967
38 2104
89 2803
56 2086
61 2824
67 3737
27 3589
22 3322
91 3735
48 3107
9 3293
12 2794
63 3366
2 3004
13 1960
63 3011
2 3410
17 3108
39 1989
93 2244
28 2650
72 2257
9 2179
92 2741
2 3075
77 2010
45 3076
96 3324
65 3586
78 2940
35 3253
55 3421
72 3591
1 3835
76 3435
79 3512
25 2071
98 2480
66 2806
39 2016
3 3665
12 1953
15 2250
100 3660
76 2345
49 1932
15 2176
21 2342
91 3589
24 3023
28 3563
88 3582
16 3124
21 2030
60 3439
37 2670
59 2729
100 2604
19 2719
66 2501
98 2521
76 3703
89 2405
84 3097
73 2538
38 2353
60 3190
35 2148
84 2964
71 3296
49 2781
52 3321
15 2103
43 3275
1 3181
44 2736
48 3825
