27 3694
97 2161
16 3009
37 188
4 2085
21 2464
7 1768
53 4164
10 1229
45 1410
10 2173
14 0
26 3215
2 1769
99 769
14 1235
59 1328
22 564
59 315
31 2485
77 1774
12 427
45 3173
11 728
18 0
74 1178
83 1275
62 1501
49 1571
34 2786
64 0
31 3038
42 1777
79 3164
76 0
64 2745
84 1430
65 1972
4 2713
48 2945
85 2432
90 3660
77 4002
39 4005
23 4171
66 0
39 0
48 0
58 329
77 25
100 1235
68 0
81 4191
92 998
100 287
5 2173
87 1471
18 2607
3 2132
88 1858
53 1509
17 348
78 3298
7 0
97 2035
76 3246
18 3344
9 1291
58 2654
90 268
18 1306
16 1422
39 2878
14 3189
4 0
63 0
38 1188
95 0
62 1691
73 2964
35 3722
74 0
34 0
75 1614
65 2960
20 0
88 2974
12 0
55 2837
42 1259
8 749
1 3637
91 263
100 1315
11 959
59 2215
50 1758
12 1024
81 488
45 0
