18 4678
42 3375
99 3307
58 3956
80 3425
53 3171
95 4861
25 4425
74 3738
79 3543
47 4119
79 3453
52 4825
88 4833
32 4003
22 3848
35 3740
63 4363
73 3234
95 4796
5 3844
10 4660
70 4592
31 3873
72 4569
33 4775
9 3537
64 3526
8 4152
36 3330
19 3114
49 4856
2 4533
48 4149
68 3708
16 4603
70 2986
88 3317
9 3363
84 4100
63 4713
60 4273
27 4666
97 4618
100 4258
78 4265
38 4094
11 4240
46 4064
47 4751
68 3222
53 3253
84 4363
29 4425
19 4645
47 3126
38 3935
84 3047
61 3248
39 3243
12 3077
82 4262
38 4852
17 3580
73 4532
15 3850
84 3534
50 4009
67 4596
42 3848
80 4441
31 4474
5 3034
16 4340
70 4605
85 3409
7 3185
55 3008
27 3424
20 3791
46 3813
15 4066
6 3118
22 3026
77 4291
5 4225
98 3215
63 4048
96 3842
57 4287
24 3555
54 4050
56 3732
70 3032
24 3528
82 4542
20 4343
83 4625
48 3832
18 3243
