21 1603
41 4388
57 3193
9 1587
68 5042
81 1379
88 1248
10 3626
97 2798
61 2760
58 2564
53 1801
78 4673
8 4903
2 1401
14 2211
90 4305
94 4701
7 4086
9 1485
71 595
46 2147
55 1251
11 5020
82 1968
19 947
5 1722
1 4542
100 4187
18 2585
4 4156
66 2993
100 2546
21 1137
48 1539
96 588
6 4412
29 1156
32 608
91 3378
63 4673
100 3351
71 2609
72 3297
12 5043
72 3238
6 875
11 1531
24 2892
57 880
9 948
53 3473
30 1338
19 4383
52 3696
19 3123
49 2561
36 2022
66 3723
22 2828
83 1143
89 2265
2 4203
93 1054
56 2832
86 1418
64 4915
100 4776
55 2170
31 2937
29 4910
93 1184
17 3327
99 1791
9 1799
12 2953
91 1396
39 4168
91 4494
26 2051
95 803
54 1081
41 4154
34 1797
7 3284
51 4699
24 2368
13 2813
35 2686
27 647
46 4956
50 3164
24 1300
49 4107
72 1736
4 4098
48 2406
14 1711
6 3449
64 630
