92 0
86 2340
60 2971
36 1017
66 1218
43 10
12 0
54 3879
41 501
48 4656
86 0
96 3950
49 2078
4 3886
86 3599
60 2863
53 1705
45 877
2 1340
17 154
69 0
35 1293
60 4054
73 1138
47 4090
20 0
39 1060
64 2570
62 458
94 1304
34 2736
87 0
79 2849
99 2252
59 2963
68 1028
50 2831
94 4741
83 4660
38 1114
75 1637
53 2505
51 3187
22 3814
34 2577
97 3090
27 372
77 2214
88 1369
86 3344
1 89
62 2793
43 812
5 0
17 165
43 2994
98 433
24 1193
71 573
85 3345
100 340
53 0
63 1227
99 0
4 942
44 0
95 827
38 3040
8 0
73 1444
13 227
9 2670
98 3803
38 4257
77 1737
81 1299
68 1851
6 3504
16 1914
52 292
14 1197
79 4523
99 3629
83 3256
41 4255
46 1676
39 615
74 3905
60 2592
17 3976
90 2697
21 3851
64 1381
18 2845
1 4307
68 900
13 1042
98 2144
39 0
11 1227
