65 2519
90 2522
54 2927
88 535
84 2615
53 2676
11 1778
27 2383
34 1677
15 1919
32 1072
41 2392
2 3339
25 2109
11 1814
94 1593
21 1079
54 1555
39 980
66 2769
40 561
15 1922
49 1729
21 646
18 1386
39 1543
7 1123
67 507
4 1597
87 2444
58 1242
31 3145
82 2459
63 740
87 679
57 2359
12 2566
92 3184
27 2072
73 1402
65 1034
30 844
68 2152
4 3425
73 1466
82 2085
4 1636
62 2537
31 1447
13 1387
78 1977
29 3211
87 2986
71 3411
10 1898
87 1097
1 1180
62 697
1 2167
32 1313
35 3156
95 563
85 2081
13 1630
86 981
18 2036
95 2106
12 591
76 1946
82 1667
88 1206
88 2938
12 1658
94 772
73 2023
74 2580
46 581
98 2647
24 2678
81 2672
3 1085
57 548
49 982
44 1402
84 1990
43 2895
72 3126
32 2107
35 2795
6 1844
31 1414
32 1893
84 3021
39 2207
95 2420
56 1794
35 551
33 594
51 2610
27 755
