92 1581
99 3172
42 2158
72 1182
71 1716
17 1246
79 1956
48 1727
70 2758
96 1517
8 1804
68 1627
40 2229
68 2680
51 1172
3 2219
66 1375
73 2942
100 1264
54 2808
97 1609
69 2796
14 2204
87 1630
28 1121
68 1577
50 1927
100 2427
4 1844
35 2987
83 1955
23 1744
36 1916
53 2861
43 1247
18 1377
90 2582
41 2011
38 1291
39 2367
58 3014
21 1944
85 2442
1 3048
95 2313
83 1344
88 1320
59 2528
62 1067
49 2796
30 2279
52 1187
41 2725
20 2979
46 2379
44 2036
36 2269
73 2828
8 2942
8 2906
15 2239
27 1890
77 1539
44 1222
42 2148
38 1926
95 1399
39 1857
37 2919
26 2628
98 2925
29 2446
86 1156
98 1267
13 2568
98 2096
82 1347
16 1208
71 1463
22 1768
49 1350
4 1323
22 1232
74 2733
31 2267
30 1088
55 3124
38 2890
14 2880
99 1494
67 3103
66 1268
42 3080
98 1615
84 1543
87 1930
79 2300
39 2725
94 1193
18 2980
