53 2578
49 3020
98 2885
81 3422
87 3331
24 2783
17 2970
68 3176
35 3512
41 2980
41 2608
1 2883
32 2731
11 2675
8 3488
10 2585
11 2809
30 3497
67 2544
9 2738
63 3128
92 2673
79 3240
86 3077
32 2591
52 2890
71 3164
44 3440
85 3233
4 3082
13 2772
90 3463
4 3427
29 3086
66 2761
5 3185
13 3374
23 3323
65 3247
14 3497
61 2532
57 3449
85 2541
42 2925
53 2998
1 2724
97 3106
87 3388
41 3417
7 3058
70 3033
100 3324
59 3220
25 3331
19 2681
72 3198
84 3402
57 2981
49 3119
45 2593
77 2920
20 3120
56 3393
1 2748
39 2589
67 2803
72 3247
72 3286
65 3078
8 2681
82 2740
81 2866
92 3065
67 3179
71 3152
74 3504
65 2529
39 3184
54 3422
52 2909
73 2895
15 2541
9 3340
86 3414
95 3494
63 3207
44 3038
27 2945
45 3061
44 2945
100 3225
41 2859
62 2528
43 2855
100 2961
10 3188
51 2823
59 3198
22 3297
89 2679
