66 72
10 405
99 327
84 1592
43 0
27 944
11 2119
10 424
30 1012
40 380
47 2474
97 722
9 0
81 0
58 1147
25 2558
28 1666
51 1159
24 0
30 611
96 123
50 1789
99 747
8 2335
30 109
57 2626
38 184
64 337
53 2179
99 1645
21 1106
45 845
27 1518
96 1765
74 1372
10 147
40 2547
49 1385
40 1718
53 1936
86 26
74 229
79 44
71 780
70 1820
68 463
8 33
34 382
12 869
55 2551
50 1294
50 2057
87 899
92 0
39 1495
62 2364
37 1400
45 287
98 2000
99 2216
14 1099
19 1424
55 60
95 925
98 1718
93 744
59 2243
75 878
96 2539
8 0
20 2063
87 2647
2 763
19 1035
87 1408
16 544
80 0
40 0
99 0
79 1186
6 2031
99 1537
73 2151
43 1476
33 1342
71 438
44 0
99 878
79 1268
9 527
94 0
12 1453
91 1532
61 2248
67 1300
13 93
57 0
25 1877
32 121
46 0
