23 1612
87 5029
38 4384
25 1956
80 1308
83 2133
72 4021
63 2460
63 2204
72 4973
37 1850
80 1752
26 2711
99 5108
50 3836
77 3393
45 1090
24 2235
75 3359
57 2034
100 2928
85 5041
12 4414
86 2284
97 1345
76 5220
72 1756
87 4797
36 2313
37 1584
49 1500
88 1310
6 1381
9 4487
16 4116
2 1474
90 4400
51 4600
4 1380
1 4477
27 1312
60 4339
43 4364
87 5199
66 2515
34 1257
7 1735
6 4154
33 5327
78 4553
12 3773
67 3410
39 3170
59 3973
78 2747
84 2855
21 2407
7 4259
35 1712
99 2264
51 4949
51 2167
98 1098
94 4479
80 3381
84 2384
73 2192
69 1262
75 5059
97 1136
96 4154
11 2043
32 3024
14 1947
95 3756
47 2173
26 5327
72 3220
76 1340
27 2221
83 4728
38 3152
41 2680
13 4742
88 3294
24 4654
58 4466
56 4262
70 3213
7 4081
24 1789
19 1573
94 2708
13 1753
59 2923
78 1133
83 2395
25 2596
19 2544
57 3143
