23 2147
15 1979
53 2069
89 1771
98 2007
8 1488
59 2067
35 2140
66 1584
60 1545
2 1850
3 2035
20 1921
70 2107
24 1604
83 1435
84 1574
47 1752
32 1614
82 1491
78 1706
33 1984
52 1650
50 1999
61 1959
44 1752
28 1648
97 1984
48 1781
63 2022
51 1533
48 2139
24 2074
63 1454
4 1627
6 2258
33 2089
45 1571
69 1854
1 1953
21 1503
53 1562
81 1806
70 1907
15 2301
30 2052
78 1910
24 1737
6 2216
12 2020
37 1953
39 2180
6 2095
52 1405
13 2104
100 1834
50 1549
85 2110
29 1885
27 2162
45 2166
4 2146
88 1791
51 2223
6 1558
95 1847
68 1739
67 1645
15 2191
40 1772
58 2010
1 1598
30 1932
43 2261
14 2233
30 1854
14 1864
58 1736
84 1385
63 1973
11 1919
12 1561
6 2134
95 2286
11 1630
49 1547
23 1762
97 2216
91 1837
96 1528
11 1901
26 1694
82 1694
61 1631
27 1481
86 2192
57 2109
85 2181
85 1612
53 1539
