3 4970
12 2321
8 2624
1 4026
26 2181
10 3377
63 1814
76 2558
60 3684
13 2816
28 5571
31 4218
29 5261
53 4769
72 1703
55 1420
42 1472
96 5081
87 3061
94 2763
88 2134
41 3677
1 5470
25 3348
74 5678
35 4285
17 4749
70 5968
75 4949
65 4685
13 1845
11 2622
70 3990
94 4721
48 5950
13 4238
36 3049
18 5245
38 3754
65 4577
26 3591
11 5103
30 2425
95 2439
70 3759
98 4505
54 1495
83 2054
96 1772
100 2825
85 3167
13 1453
45 5115
100 5186
66 3713
13 4051
34 4640
41 4792
21 5352
3 2274
75 2602
56 2804
48 3212
46 1951
21 5709
32 3259
29 4767
23 4717
17 2860
38 5358
77 4175
82 3540
62 1932
7 4845
34 3986
28 3060
12 5732
65 5796
6 3060
79 3589
99 2938
3 2013
38 5662
71 3507
1 4523
61 5707
56 4195
29 5693
97 3253
44 4466
1 2492
96 2538
70 5798
90 1905
26 3535
31 5572
65 1688
46 5852
10 5101
2 1454
