16 1429
56 551
58 1150
17 721
32 753
55 155
25 644
79 1668
77 1200
48 973
19 1840
66 1520
83 1523
88 1434
88 1207
80 1599
57 934
72 1365
42 373
7 608
12 895
38 495
35 148
79 1275
45 1646
60 30
60 454
92 1810
33 862
100 1833
75 563
85 505
6 231
2 1231
8 1484
92 1839
93 1932
98 418
88 765
2 1651
79 160
9 1883
38 1456
41 1552
3 1815
52 1126
53 817
51 1565
15 1508
73 1380
50 453
14 355
32 1893
21 1376
93 1715
40 22
4 1946
18 8
41 405
27 939
41 563
57 1767
52 584
45 159
13 1168
64 496
35 1916
37 542
82 385
90 1906
60 1753
4 1541
96 1747
43 1332
87 335
26 1330
57 1333
29 1242
63 28
22 1567
63 1320
58 556
77 1933
22 1275
3 1529
64 1889
91 233
67 714
19 1510
67 287
2 1148
67 64
19 596
55 1943
10 948
36 848
51 305
36 142
88 1012
66 320
