12 4708
53 5081
3 5105
73 2834
71 4516
27 4337
55 4968
2 2815
70 2747
75 3533
13 4991
32 4576
89 2540
75 3342
57 2941
2 3988
71 4360
12 4770
51 3116
5 2933
68 4689
53 3447
63 2741
42 4980
25 2609
75 2691
84 2827
33 2490
8 4155
71 3832
18 3478
67 3617
100 4796
1 4262
27 2981
56 3670
90 4621
15 5060
62 4542
47 4761
76 4924
45 3518
55 3093
48 4706
3 3068
80 3432
78 3496
32 2634
27 3909
15 4388
27 4591
78 3364
81 5058
39 3029
81 3367
86 3380
38 4770
25 4936
7 4270
54 4551
83 2795
97 3562
15 3301
87 3304
87 3623
73 4143
42 2484
57 4694
4 3374
83 5007
27 3420
93 3901
16 3261
25 2715
39 3074
23 3877
65 4042
20 4182
27 3500
44 2468
20 2462
46 3947
56 2929
3 4748
77 3290
40 5007
44 2559
57 4010
76 2858
77 2976
32 5231
45 4448
82 2579
34 3990
69 3378
92 2747
38 4819
69 4210
65 3060
14 2503
