39 3583
83 3050
16 4446
6 3229
30 3227
86 3592
39 4566
39 4082
90 3047
87 3102
78 3965
78 4135
62 4253
79 4945
100 3452
1 4344
30 3256
47 3953
36 4376
18 3439
53 3803
48 3533
93 3031
59 3282
59 4841
100 3850
53 3485
56 3520
81 4544
34 4276
13 3299
52 4983
82 4302
9 4500
65 3993
38 4879
97 4493
15 4347
9 4020
84 3344
68 4022
67 4368
47 3099
54 4209
1 3817
7 3017
68 4253
20 4099
81 4978
51 4148
5 4801
64 4385
59 4062
100 3488
81 3111
66 4437
42 4130
72 4417
54 3276
32 4424
15 3381
85 4494
96 4195
42 3184
75 3772
47 3442
32 4203
35 4864
27 3696
50 3557
34 3471
36 3352
2 4036
24 4546
2 4636
1 4267
47 4815
38 4749
60 3513
21 4605
55 4028
60 3328
41 4858
71 3305
76 5008
77 5025
52 3055
14 4287
89 3215
100 4299
78 4279
2 4448
18 4489
14 3295
68 4263
22 3417
43 4256
36 3631
95 3898
62 3017
