29 1350
16 0
10 0
100 3142
61 1552
9 0
81 3088
88 2290
14 0
40 1787
89 1967
62 1693
81 0
46 319
63 1596
24 1903
69 595
92 355
34 1230
57 0
46 0
64 0
87 800
84 2769
95 0
29 2305
98 554
53 310
85 1368
78 521
91 2296
77 0
58 0
51 631
20 0
11 99
59 415
99 884
57 2100
66 0
92 863
42 0
11 3035
9 1149
42 15
93 1308
59 0
5 2987
49 931
10 371
50 302
62 0
60 356
50 0
29 3083
61 1876
96 1695
36 2876
38 0
33 0
72 2276
46 499
53 456
44 0
99 2885
21 286
9 2915
17 1010
28 0
66 1654
41 814
73 0
69 3027
57 0
94 31
9 2340
19 387
74 1823
11 1343
60 1923
52 2399
35 637
25 87
71 2194
88 1789
80 1423
95 1254
68 1956
94 1692
14 928
32 1217
55 1485
9 2471
32 1933
65 3090
81 57
95 0
29 545
1 293
34 900
