58 2703
21 2327
86 3072
31 2927
9 3159
85 2514
10 2908
63 3070
91 2404
34 3116
79 2845
44 2369
26 2302
17 2705
6 2504
31 3033
21 2384
3 3048
48 2424
81 2489
26 2840
88 3147
60 3111
77 2549
80 2536
5 2679
6 2394
31 3040
17 2409
79 2368
81 2886
78 2688
61 3206
25 3105
18 2388
63 3093
10 3174
12 3067
67 2860
11 2472
48 3024
8 3129
20 3129
34 2763
36 2595
89 2729
90 2980
14 2488
9 3169
60 2333
45 2842
23 2611
69 2973
42 2559
21 2758
88 3062
38 2375
32 2495
52 2339
94 2568
61 2484
14 2854
10 2575
55 2527
96 2680
26 2728
98 2448
51 2462
38 2389
55 3035
21 3056
42 2309
84 2800
3 2474
63 2532
52 2310
20 2942
24 2878
66 2510
44 2753
1 3100
85 2481
42 2835
22 2887
65 2438
83 2591
98 3083
74 2720
8 3193
37 2534
81 2426
72 2764
20 2696
97 2875
1 2605
82 3168
90 2582
6 2860
42 2614
10 2433
