52 4846
34 3713
85 4054
28 4301
17 3759
19 5831
42 3903
23 4244
28 4092
50 5847
71 3380
96 3017
53 4664
35 3227
69 4260
78 5952
33 6017
63 4256
98 5474
71 4668
45 2777
59 6001
90 2902
85 5325
59 3758
16 3188
56 6066
87 3518
43 4216
91 5762
81 3789
83 5249
22 3781
41 3826
79 4341
67 3597
56 2990
70 4901
75 6052
88 4964
76 3387
5 4043
90 5190
100 4525
70 2930
89 3927
5 4440
72 4798
49 4358
96 3788
89 3176
26 4646
2 3389
64 5410
96 3350
80 5066
8 3077
50 3846
78 2829
70 5735
62 3470
33 3076
96 3744
47 2792
27 3058
31 4729
78 3615
20 5526
28 3222
100 5650
100 4520
69 3619
22 5006
37 3030
53 5635
35 5806
19 3121
39 3639
59 3062
24 4895
20 4844
21 5168
62 5588
96 4236
96 3901
30 4020
92 2881
39 5072
18 5355
73 5622
88 5539
93 5208
1 4021
7 4464
51 2876
31 3442
44 4683
97 2878
12 4830
21 3535
