68 4795
83 2308
37 4593
13 2180
29 2700
12 5262
30 5680
40 5417
13 3992
21 4281
54 4249
2 5161
25 4377
67 3300
27 4225
7 4857
64 3606
95 3947
41 2300
93 3861
6 2930
83 3149
89 3069
90 3944
90 3785
91 2407
60 4393
11 5056
37 5548
3 5676
51 3311
70 2702
70 2387
73 4653
1 5340
100 5485
34 2163
60 4580
32 5663
53 5678
50 4576
64 3537
28 2250
48 2924
68 5471
11 2662
10 5407
87 4284
49 2927
46 2771
23 5791
77 3049
16 5929
41 4119
62 4493
80 3344
2 5940
56 5003
1 4705
72 5411
89 3164
68 3716
23 5413
12 2537
7 2932
99 5385
44 3808
81 2136
94 2879
13 4872
2 4151
20 5822
73 5354
69 4098
5 3107
57 3641
2 4687
83 2623
24 2712
91 2141
68 3394
73 5724
94 3576
72 3434
17 3035
83 3052
70 3672
31 2843
63 5815
57 4946
95 6057
93 5668
93 2991
71 5157
91 5367
9 2726
90 2433
63 4459
38 3868
15 5700
