40 2442
76 1688
31 1812
93 2045
73 1940
63 2364
76 1924
91 2048
80 1935
29 1763
82 1751
4 2150
12 1947
6 1575
48 2361
61 2206
3 1603
54 2204
31 2137
91 2070
49 1862
31 2350
16 1567
45 2473
65 1965
40 2224
24 2049
67 1624
60 2157
40 2389
90 2198
47 1674
26 2358
36 2240
64 1810
52 1769
14 2131
92 1731
88 1780
42 1837
19 2307
26 1698
22 2086
58 2396
68 1894
62 1636
27 1775
89 1642
14 1724
7 1888
29 2123
35 2429
40 1512
41 1597
84 1721
30 2230
74 1643
30 2114
53 2384
42 2237
60 2416
78 1511
90 2348
79 1545
91 2321
24 2041
57 1822
22 1700
8 2310
6 1941
81 2189
48 2005
11 1978
65 2167
32 2329
98 2281
55 1970
81 1621
43 2003
47 1928
17 2270
64 2017
29 1556
35 1607
19 1791
66 1695
92 2085
7 2229
29 1644
73 1887
87 2401
72 1914
54 2310
61 1631
19 2322
73 2389
13 1748
78 1628
62 1834
43 2322
