74 2617
24 2205
47 2582
18 3427
11 2200
68 2976
30 2332
64 3436
47 2416
54 3090
81 3327
3 3193
6 3515
26 2208
52 3200
12 2874
53 2974
72 3845
75 3918
45 2273
40 2942
63 3077
36 2713
30 2520
47 3224
64 2234
3 2500
44 2661
54 2882
59 4084
2 3615
46 3048
36 2562
29 2331
82 2304
33 3417
97 4082
44 3955
70 2352
98 3653
81 2326
98 2682
7 3685
63 2896
18 3373
84 2290
56 2271
77 3528
61 4183
9 3932
4 3827
7 3360
85 3418
82 3916
15 3742
51 2152
56 4110
90 4246
98 3806
42 2314
98 2349
9 2909
32 3943
76 3078
15 4050
76 2466
86 4267
94 4163
14 3932
78 3834
36 4123
43 2203
23 3116
34 3332
29 4185
93 4088
100 3112
100 3314
63 3132
43 3808
91 2172
33 4200
68 3162
47 3466
17 2251
82 2867
27 3621
85 3752
61 2768
78 3311
64 3933
91 3578
89 3348
91 3633
40 2589
86 2725
89 2918
84 3858
37 2397
54 4163
