35 0
73 4036
100 3569
75 1
28 2391
31 2129
62 2554
76 2081
43 300
87 1219
10 3806
87 0
57 3452
67 2150
56 4168
42 2475
71 0
31 1181
12 1931
43 0
84 4447
42 3142
9 478
40 1063
8 2239
58 3478
70 2354
43 0
8 138
63 0
50 0
64 0
80 1385
22 925
35 338
74 632
82 3367
69 2100
42 564
64 2196
6 1126
67 4320
10 0
65 1647
49 1854
37 2478
17 2352
58 3839
43 1769
82 4065
62 2753
83 2474
51 589
68 3960
73 1567
1 1861
27 88
24 2611
53 4457
49 2989
41 57
20 2635
57 4
46 3680
16 3139
99 528
67 4381
9 0
65 4388
45 1550
33 4458
31 3268
9 0
28 773
66 2459
44 1948
29 1628
41 1841
61 3698
34 2491
55 133
35 3748
72 214
44 4243
12 1767
17 3689
79 2505
90 2234
62 0
78 2400
92 3482
65 3219
45 3484
33 1550
33 7
39 338
69 4043
48 487
53 4237
92 4410
