1 3595
82 1370
39 835
53 580
11 2069
75 3338
40 3593
72 1749
63 3423
17 1464
71 637
44 3273
46 2861
10 2600
85 1189
61 3418
39 1152
97 816
64 2167
96 3141
34 3186
60 3303
51 2112
86 1964
6 1937
68 2373
33 2560
43 1356
1 679
8 561
90 2075
8 1963
100 1671
64 1546
9 3184
51 2192
90 2603
11 881
70 3241
84 2470
3 2599
9 3148
54 3515
83 2116
77 580
86 2954
20 2281
90 1250
80 1555
31 1906
76 947
29 3079
30 1071
80 1156
35 1159
61 1902
90 2540
78 2114
47 1872
12 2771
52 1892
14 653
42 1673
100 2997
27 1545
62 1318
85 1579
71 1905
93 1450
80 2208
24 849
57 2935
45 2331
100 1183
33 886
56 1772
77 2619
53 2453
51 1053
90 564
6 3540
63 2840
63 2374
27 3048
18 2508
5 2246
87 1643
25 1800
59 2190
37 3230
78 3357
71 2824
49 2981
38 2114
74 3420
4 1688
27 1012
48 2370
53 3341
71 1783
