40 3944
82 4313
29 4346
70 3955
42 4000
97 4312
97 4664
80 3893
7 4392
13 4684
39 4200
27 4120
47 4149
86 4253
59 4359
6 4121
50 4173
45 3924
57 3962
81 4868
62 4880
71 4692
30 4133
37 4865
93 4024
18 4782
73 4705
70 3895
9 4295
77 4057
46 4465
84 4302
71 4127
50 4339
48 3887
61 4867
9 4183
29 4347
3 4109
46 4068
69 4709
2 4092
18 4114
69 4366
58 4854
85 4841
40 4329
99 4699
86 3932
74 4286
62 4238
27 4364
44 4064
87 3873
33 3917
92 4772
30 3817
96 4625
76 4856
52 4026
68 4681
82 3874
71 4348
25 4071
9 4521
78 4248
51 4561
4 4004
1 3857
45 4184
72 3817
61 3968
16 3970
77 4666
72 4777
91 4013
65 4105
4 4513
48 4169
59 4477
47 4342
7 4358
92 4284
99 4356
42 4802
38 4794
86 4486
84 4770
67 4401
36 4176
45 4639
97 4684
63 4438
97 4603
58 4444
71 4138
2 4623
49 4261
60 4285
52 4680
