19 0
50 1035
6 77
7 1829
35 0
40 2510
4 18
47 672
17 0
21 0
64 2604
52 2123
8 1720
96 2154
49 738
100 1644
79 1738
20 0
12 171
22 0
55 773
16 0
73 0
34 2251
22 684
28 1124
18 2509
58 0
91 818
14 2201
64 859
23 48
11 90
39 2538
48 260
100 0
33 947
12 2531
43 0
43 54
59 1816
42 2219
24 1722
38 388
52 1340
100 1344
12 0
28 0
79 0
86 0
10 1550
81 2505
83 2042
84 910
51 2318
63 151
81 2103
67 1705
87 1080
78 0
73 696
83 427
36 621
63 400
43 1790
57 1708
32 343
76 0
25 0
67 0
61 355
11 0
53 0
12 0
74 0
54 1085
97 208
78 1755
15 0
16 116
56 339
17 0
6 1291
35 1272
9 1250
79 1170
36 571
82 1722
38 0
53 1886
55 0
94 0
75 1980
32 1332
77 2831
11 2759
33 0
85 463
53 2583
10 1577
