9 1690
20 177
89 1053
41 1117
15 863
68 1273
19 1304
93 1932
19 1511
47 1527
28 255
47 49
71 56
12 1374
56 1126
51 1484
48 1184
61 880
59 1614
68 2032
94 668
4 1051
78 138
49 137
83 460
53 1826
31 11
80 80
98 267
21 878
58 160
55 136
31 1785
37 222
1 263
76 326
77 1115
40 1526
96 1227
15 1339
69 1644
30 1408
19 467
13 1763
79 487
87 123
74 1734
85 1734
84 160
75 857
1 1789
89 1809
98 149
83 908
12 131
59 1404
24 1889
77 1264
96 1407
81 130
69 628
71 771
56 294
9 417
29 500
15 1190
98 1255
86 652
38 849
42 1900
6 1950
2 1541
63 1921
70 1731
74 1377
38 1089
51 156
15 1806
26 1499
58 203
24 48
24 1168
63 492
12 216
24 1067
50 1383
78 189
46 294
59 1757
76 728
18 1381
88 1631
34 1798
86 1678
28 1612
65 1661
84 1376
83 1464
7 475
7 1598
