59 4408
44 1322
23 1392
8 669
68 738
33 768
95 4386
60 2822
81 1140
92 4110
9 1226
20 2402
32 2344
99 4716
16 2392
10 726
39 1264
83 2200
89 5249
94 1737
61 2445
2 3612
15 1999
13 4192
85 1250
30 685
38 4158
30 1846
84 2348
57 5501
91 4812
61 2869
39 2828
69 3215
13 4005
58 3569
37 4364
49 2860
92 1013
25 3437
42 3465
62 2339
77 2360
43 4577
92 4157
79 5279
82 4236
91 1702
84 1600
84 5208
3 3446
31 3540
29 5178
66 2054
70 2450
11 1454
22 4076
53 3195
22 4282
77 1823
13 2151
7 530
79 2237
53 5342
87 4723
56 4610
20 1013
38 616
24 5394
34 5190
44 1250
10 3740
80 1856
64 4507
93 2028
24 4317
11 3185
4 4771
8 5411
82 3091
64 5152
13 4175
67 3071
86 1633
25 2028
82 5158
42 2835
52 3776
66 5328
51 3096
58 3755
86 3056
93 3672
59 2548
85 3053
60 4606
54 2702
4 2182
99 5453
19 3324
