53 211
61 935
30 1331
97 2446
4 1077
10 1988
10 1224
49 263
80 0
56 2405
69 0
89 0
49 1850
34 2404
95 0
48 2040
44 0
84 420
51 1539
26 2442
75 1666
26 0
77 1899
88 660
76 314
65 1680
96 0
1 558
45 143
26 10
57 0
39 1605
13 2223
71 180
3 1920
91 163
74 634
45 0
97 100
100 2340
85 0
91 1854
4 2409
3 1707
41 0
29 2088
30 1365
76 1937
71 0
24 199
100 1135
14 942
35 41
98 44
42 205
71 408
45 1529
64 863
7 1488
86 1720
67 0
1 601
48 1419
76 416
55 1930
20 0
73 2214
11 2334
23 871
81 2219
83 0
6 2
49 754
69 162
46 2029
34 2193
53 2035
80 2139
3 137
95 0
13 151
34 1001
13 575
73 2384
2 1049
63 120
67 1341
62 2082
11 916
3 1870
4 403
17 1506
50 1307
25 363
39 0
93 202
2 1538
34 0
98 166
68 0
