9 884
90 908
19 895
65 922
56 2687
89 2559
35 1984
91 2521
100 1610
50 999
70 729
75 1678
43 1200
12 1515
26 3424
75 1476
38 3364
19 1999
59 1843
27 2129
90 2022
100 2467
54 3230
73 1132
74 3135
97 688
11 1660
32 3326
99 2105
5 3380
89 2727
67 881
88 913
85 3106
77 2020
29 2563
95 2717
6 1400
29 2661
13 1282
23 2703
90 1809
67 2362
15 1220
51 2924
5 1779
58 2372
16 1330
6 3154
4 3109
99 3525
74 2146
75 2912
18 1797
79 2310
14 2743
27 1685
87 2870
35 2929
58 2983
35 2143
42 1882
57 1141
54 2213
44 1906
56 1943
59 1177
72 2337
30 1351
52 863
100 2206
91 3557
42 2819
33 3428
99 3429
7 2452
7 1800
2 2206
30 2188
3 2256
100 1841
72 3538
87 3351
8 1248
54 1941
12 625
91 1114
3 2633
24 1576
76 2570
81 2798
83 2235
4 916
90 2000
62 1492
83 2884
13 3167
32 3241
31 2858
17 2355
