70 3284
63 2620
26 2584
95 3582
90 6323
67 2771
100 4131
12 3315
5 4399
14 5770
78 4162
45 5457
83 5512
79 3186
62 4931
33 2899
29 4394
90 5169
15 3109
40 3021
82 4222
20 6367
99 3194
11 6327
94 5438
20 4338
65 5603
61 5236
53 6308
65 4094
87 3134
59 3453
55 4966
16 5038
34 3615
22 4944
3 3706
60 5565
6 2658
82 4727
21 4435
90 4474
3 4278
59 5575
25 6130
70 5114
42 6346
72 2487
59 2766
78 4442
30 3118
70 4472
75 3751
45 5145
19 4272
49 4217
7 2330
4 3754
25 5301
23 4550
33 5397
85 5978
52 2206
67 3390
97 4837
85 4356
55 3388
64 3027
5 5799
69 5977
28 4019
75 2768
55 2932
63 2800
71 2222
72 2644
71 3720
60 5335
47 5891
46 4203
6 2377
44 6085
79 3537
24 3248
53 3879
63 2931
32 6005
67 3866
45 2656
70 6039
72 3882
70 4712
87 4895
63 3748
81 3966
22 5290
62 2295
68 5765
71 2990
82 3648
