28 3261
45 3328
86 3610
29 1118
98 0
71 1022
97 604
37 3894
23 2269
16 116
51 3829
77 70
20 2213
54 0
23 2178
24 3862
31 2090
78 486
52 2658
41 3950
7 1388
92 244
88 81
50 2222
65 4080
40 0
70 2149
38 1926
58 3936
12 1361
25 1133
57 2497
84 0
2 1027
19 2268
74 3189
62 4195
13 4190
34 719
20 308
97 3513
78 1084
75 1012
1 3682
45 3075
60 0
10 1982
49 3226
6 427
47 1403
35 0
54 2500
52 1211
42 3040
37 1171
24 2398
35 2464
60 2884
91 2585
89 1877
62 2575
1 1358
6 0
94 0
4 3245
49 1726
27 851
19 4169
70 1086
9 2941
8 112
31 911
3 872
56 2384
47 3412
6 3452
96 2839
24 0
57 1603
37 1616
40 2708
65 1953
86 114
35 3926
99 4098
63 1756
30 1152
3 3092
60 2903
68 1614
71 0
80 2790
77 4179
82 4088
81 2228
10 4145
2 0
48 1877
89 734
12 3620
