22 1897
27 839
38 1858
54 2572
66 198
93 1133
100 0
5 496
46 2380
5 2158
80 0
16 1704
74 2280
71 2438
46 91
63 1119
72 2074
13 2439
9 1051
5 2155
81 862
80 1084
44 1248
8 756
62 1432
58 1773
79 0
3 2144
22 2099
29 994
41 1507
73 1853
92 1957
86 0
97 0
8 900
1 0
52 980
65 562
36 461
37 0
59 691
99 553
30 0
89 1184
56 529
22 1910
64 0
75 533
14 0
35 2229
98 1789
79 1317
20 2164
69 181
16 1570
12 376
66 806
76 598
56 236
19 274
22 1451
86 176
88 2602
94 1237
65 649
32 1938
96 0
86 2368
22 0
54 1761
81 2258
36 1236
30 0
50 1578
3 1264
87 1505
45 529
95 42
70 1232
29 265
95 1569
28 943
57 2364
26 2038
13 1235
97 941
66 454
4 0
88 2520
82 495
74 230
75 0
85 551
99 1126
48 1108
33 387
38 255
71 0
35 1681
