84 877
62 613
21 968
65 1315
45 1103
48 1428
45 1453
20 825
35 646
78 540
8 678
8 797
86 1325
31 580
43 610
20 1011
75 1441
59 1080
53 651
78 1419
89 1257
54 1200
70 865
49 1521
48 1487
94 797
89 637
4 1157
84 1377
51 862
80 683
12 1385
83 1434
30 1434
85 653
28 911
10 689
63 718
72 879
25 1144
61 715
53 805
39 1247
78 824
32 1184
45 566
61 1296
98 1406
72 1115
49 965
1 629
77 1261
57 1142
40 857
30 1262
61 1204
18 732
67 711
76 575
44 1520
89 1538
38 728
31 885
8 1054
92 801
72 1497
58 553
84 1287
24 1088
7 970
40 715
67 1245
11 1011
77 1384
52 1095
96 799
24 835
16 527
13 1047
64 699
62 685
1 810
42 1203
88 1134
35 1498
97 1248
63 1243
83 926
91 1410
24 1051
17 1344
83 800
63 1497
39 1361
47 540
9 1375
46 564
13 1258
58 890
67 1386
