3 3253
21 3246
76 6775
25 5645
41 3213
79 5735
61 5272
59 5099
90 1647
66 4754
81 5983
67 6330
86 2751
99 3289
32 1730
75 5477
74 2040
73 6248
17 3872
73 6486
98 4778
7 3830
73 5799
18 5083
14 6404
50 3403
45 5374
87 5293
90 4374
71 5598
8 6816
60 3346
58 1840
66 1901
17 4892
71 6427
18 4602
57 6806
66 1662
84 4059
33 2362
25 3864
7 6150
50 4863
85 4123
60 5075
9 5881
75 6555
89 5746
69 2582
37 3149
30 2743
48 5704
40 5506
15 2440
82 4140
59 5998
19 2337
47 2171
60 4990
88 1879
60 2011
60 4312
57 4395
70 6114
55 4570
36 2924
90 2392
23 5893
69 6184
56 3585
12 4476
91 4918
51 3781
51 4912
62 3733
71 4276
51 5307
93 3389
96 6128
21 4695
4 3896
66 4194
13 6839
90 6101
94 2558
16 6117
80 6630
16 1632
16 2070
15 6091
54 2609
68 2092
78 3713
3 2140
2 5436
80 6763
12 6255
85 2658
45 6502
