28 723
35 567
50 841
44 1338
45 1410
39 803
34 722
58 753
7 840
28 583
12 1114
2 642
60 658
16 1212
89 823
53 1489
12 982
16 1165
42 560
80 1011
51 548
37 1462
35 817
46 1366
45 703
2 602
44 874
81 1258
15 1484
80 1396
77 1274
5 1489
76 1238
22 1253
79 879
85 1378
61 1209
7 905
77 620
94 696
64 565
8 1130
23 993
45 1450
56 741
4 889
32 1218
86 1429
61 1007
91 1045
92 693
10 512
49 1242
74 1287
57 905
41 564
96 815
97 1157
7 995
15 773
54 1112
27 925
49 1154
85 824
99 632
31 1462
41 1363
37 1103
57 1149
90 687
78 647
62 795
14 1322
84 690
86 765
40 1487
82 1431
66 1082
59 527
15 938
95 1056
42 1248
86 1018
14 980
63 1258
80 614
17 842
84 814
97 819
21 693
44 514
24 1115
75 1407
18 526
31 718
92 1456
67 1269
56 554
35 870
30 1476
