92 4467
51 4349
43 3411
87 3469
13 4668
43 1495
92 2162
45 3265
70 3921
27 1534
11 1931
31 4360
3 1472
11 2181
19 3403
73 2569
95 3153
89 4751
42 2073
64 2462
81 1383
41 3581
33 3291
31 4238
44 3461
67 3800
20 4709
91 3920
2 2031
6 3579
99 1692
47 4060
87 1718
5 3219
87 1319
53 4445
24 3564
83 4714
56 1101
78 4537
35 3584
23 4300
68 4060
60 3100
22 1037
73 3531
13 2372
91 1120
72 3650
17 1064
66 1207
39 1013
6 3343
13 2284
91 2984
66 3261
6 1051
88 3459
84 1550
61 4152
74 1127
71 4467
10 4223
18 2165
83 1371
50 3329
7 3504
34 2760
17 2431
99 1593
5 3977
92 3246
26 2382
3 2701
74 1945
24 2480
84 3676
68 1875
57 4505
45 4530
82 1514
79 2678
5 2747
21 3064
64 2796
18 2447
93 3980
28 2861
18 1756
11 2361
54 1162
19 2590
30 4479
87 2120
53 4568
8 2350
9 1082
75 4225
23 2685
88 1698
