70 1990
70 933
36 3527
87 4888
38 4322
46 3683
27 2532
90 4734
79 5337
71 2632
2 2055
19 1406
3 914
93 619
87 1145
39 5544
31 4100
95 5753
72 3474
42 3749
14 2913
60 1948
6 3054
42 3028
25 743
30 1639
50 4297
73 4949
41 1452
37 2474
82 1459
62 2444
68 1239
43 2130
44 4036
21 3961
5 3944
95 5690
22 2711
86 3088
92 3900
43 5775
79 4579
21 3709
5 1569
86 5696
91 2848
68 2799
76 5187
52 4180
58 1244
10 2673
51 3063
89 652
16 4734
30 4224
83 1846
79 5168
60 2868
79 3978
67 5292
94 4033
22 3247
84 2399
78 4809
73 772
14 716
37 986
32 1416
18 3212
33 4590
31 2996
43 1282
59 1464
98 4239
53 2108
96 5851
58 3916
86 5853
62 2131
42 1308
75 1104
83 5633
28 1231
83 3417
17 3878
99 1534
97 682
54 711
71 5359
86 2971
39 4712
59 2947
4 1006
45 4218
17 1247
31 1473
36 5203
9 1686
82 4530
