62 3473
100 1671
53 1394
75 3165
64 821
9 1994
39 1903
58 3573
50 1183
93 1689
83 3581
64 2683
27 811
61 710
60 3607
44 3501
81 3426
81 2621
6 3274
18 3484
95 946
90 2909
96 2638
50 2454
74 2602
49 1375
8 3133
36 606
58 3386
24 873
25 879
84 1160
20 2957
18 2745
67 3817
64 1149
88 1588
41 1922
22 3232
9 2082
84 1767
57 3009
55 3282
92 1385
10 968
10 3398
99 2028
37 1455
47 2434
30 3694
39 2325
19 1791
22 600
96 2584
24 2081
64 3066
12 3401
73 597
58 1986
27 1778
39 2357
49 1837
42 2160
41 2970
69 2633
55 3099
12 2408
67 572
78 1113
59 778
69 3643
89 1347
70 3768
15 1810
76 1009
87 1446
84 1614
74 2691
5 1205
27 1821
96 3214
7 2570
88 1605
13 2548
89 2824
48 3688
59 1774
52 2656
65 3152
91 1303
44 1756
46 1579
89 2991
27 2261
65 3378
68 680
75 3684
65 3832
95 1347
98 3234
