38 564
85 2044
94 1705
97 2323
67 1174
61 0
86 1622
31 437
94 5
39 17
12 163
82 0
13 1376
40 2271
71 1961
47 0
99 1257
70 1894
27 2130
99 0
39 1444
8 1733
54 0
99 0
88 2055
87 162
17 0
68 48
82 0
67 1902
32 237
95 185
100 0
62 441
74 1963
79 1451
7 1668
92 863
95 690
25 48
22 1429
96 0
91 0
42 0
12 0
71 2021
33 1951
36 0
98 1380
78 0
68 2493
79 1441
42 1886
84 1023
18 1979
69 587
51 2093
97 794
51 1601
39 2335
68 611
29 147
49 2531
5 1997
23 2476
70 0
50 1610
43 421
38 0
7 127
59 1605
7 2162
73 997
73 355
5 0
44 1531
95 1723
54 1537
38 528
14 0
24 1977
91 2399
69 2394
19 0
4 1185
94 782
6 9
51 0
5 656
28 1721
81 1408
56 89
71 2492
21 698
16 2183
10 867
87 2355
1 1921
2 1576
86 2354
