81 4507
49 3621
76 3318
28 5016
61 6620
68 4315
35 1782
58 3762
1 6539
71 4516
48 3884
51 5951
72 3601
21 2417
13 6290
75 4596
19 6694
89 6018
55 6488
97 2000
18 1678
41 3765
97 2861
70 4381
11 1689
83 4863
31 1919
22 4444
1 3166
97 4385
79 5465
91 2301
78 6280
82 2451
41 4845
61 3199
23 5223
27 5362
55 6246
43 3995
33 4784
29 4471
34 2242
21 3050
98 1605
38 5654
28 4572
14 4990
19 5536
50 4132
7 5573
94 2242
95 3857
14 6013
72 6510
90 5407
75 6616
47 2549
40 3079
65 5994
45 5378
53 5717
9 5838
88 5745
28 6222
77 5012
63 1710
56 4092
45 1738
78 2315
74 3101
32 4568
25 5939
39 2725
7 5437
34 3407
72 3357
56 3670
100 3827
55 4419
10 4165
66 3248
5 6110
74 5155
70 6392
73 5947
28 2329
31 3423
70 5547
6 5436
81 3011
82 2179
77 5881
87 4246
56 3769
53 4924
57 3240
8 3041
37 3863
87 6671
