81 1407
42 653
29 707
97 1326
54 1518
94 1472
76 729
64 1170
38 1296
97 1008
3 806
22 1405
53 651
93 583
60 1406
99 741
69 800
71 578
34 629
20 1248
76 679
91 1060
28 1125
83 1506
60 1129
41 1485
95 767
49 1247
45 1581
30 1216
82 1046
23 893
32 676
27 1292
46 562
70 1206
37 935
67 903
84 752
66 763
86 530
78 1388
34 874
40 1486
58 601
84 683
10 889
10 1279
18 695
67 1387
54 1297
41 1360
8 1580
39 1254
22 880
14 958
64 1463
23 975
13 1182
11 596
62 795
88 1279
3 713
92 1315
18 563
60 608
40 1155
77 1432
38 1108
66 749
89 1323
49 633
47 1224
51 1413
50 1493
63 969
12 709
90 880
12 964
71 1317
66 1198
45 1558
24 1065
34 941
56 872
96 727
61 700
72 621
18 1187
97 575
80 934
4 1494
77 1098
30 887
90 1023
33 1232
16 1215
68 1485
70 1533
62 1150
