6 4991
68 5160
96 3598
22 3753
46 4795
84 4415
80 4250
26 3895
56 4236
9 4284
15 4750
80 3766
82 5172
90 3835
42 4342
77 3412
5 4521
56 3624
61 5210
42 5021
34 3264
7 3694
15 3712
49 4994
39 4969
24 4760
77 5389
70 4185
90 5341
89 4519
78 3682
99 4933
42 4333
99 3896
30 3838
45 3906
21 3437
9 5206
27 4440
10 4419
84 3643
68 4480
86 4020
8 3613
11 4613
92 3483
20 4227
26 3289
74 5219
74 3666
98 3282
52 3690
46 4927
69 4771
87 3465
34 3593
87 5319
75 4519
41 4122
27 4607
98 4750
69 5402
71 5125
76 5066
18 4092
52 4472
85 5318
9 4521
10 3572
98 4932
77 3729
60 4121
37 4290
44 3546
10 4476
47 4761
12 3388
90 5137
80 5097
19 3836
85 3467
43 3321
59 4667
58 4738
87 4725
75 3925
75 4416
3 5259
46 4654
70 4080
32 3822
3 4125
79 3435
49 3975
87 4405
85 4600
98 4423
100 4203
58 3992
27 5388
