37 820
86 839
14 728
27 1511
43 1482
78 395
26 1782
57 314
39 905
51 766
67 233
11 622
61 1085
62 1461
81 225
53 713
31 1121
19 909
38 1332
2 1335
56 661
30 172
42 1058
32 1795
47 334
49 24
25 1284
28 1610
89 1196
85 739
17 1791
7 18
29 64
18 194
33 979
5 98
89 1344
58 1011
95 1215
55 521
38 1335
44 673
50 1470
7 1489
71 193
71 173
10 976
79 1769
40 856
36 972
86 943
80 58
31 1242
63 1220
28 991
24 1080
77 1427
9 309
37 991
19 684
17 54
19 1470
79 432
71 220
95 619
64 1507
8 836
42 1783
36 1068
92 295
47 585
22 885
93 784
36 100
12 1034
87 1770
43 1765
29 650
9 802
70 637
65 429
71 139
51 691
8 1673
8 107
41 1010
51 131
12 1498
25 188
23 851
27 662
26 1402
51 241
79 1178
31 1196
53 425
66 1734
71 52
45 898
66 1419
