86 0
19 2923
77 0
21 3007
75 106
7 710
16 0
8 1474
13 1456
29 2502
23 1023
11 2038
14 0
40 0
30 3029
70 2430
32 2726
51 1171
10 2854
59 336
90 0
79 0
18 1077
27 0
26 288
58 1006
87 1475
47 3166
34 0
35 900
93 0
4 2037
57 0
33 0
99 725
99 963
67 222
64 993
35 3101
96 0
53 1033
52 537
38 0
52 1355
88 0
37 0
24 1270
45 3009
85 188
78 2561
75 0
42 1238
82 0
65 616
56 3301
90 273
18 2059
47 0
19 997
41 0
44 0
21 1868
12 1617
95 2495
87 3180
26 14
7 1659
37 0
43 2571
29 536
32 0
82 0
100 353
79 0
93 0
98 0
35 432
91 3386
63 0
75 0
90 3294
12 0
32 707
53 2581
77 3188
6 1226
27 1346
71 2513
36 1642
67 3066
25 0
8 0
70 198
72 1077
21 2268
98 2886
28 1376
85 3035
29 2653
30 0
