84 2580
91 2671
17 3445
16 2678
83 3264
30 2994
92 2049
11 3204
61 2165
5 3078
90 3061
88 2112
8 2544
21 2030
27 3224
76 3711
8 3944
28 3894
47 3865
63 2161
84 2544
21 3539
86 3857
100 3331
69 2752
99 2680
89 2305
77 2318
55 3978
85 3441
39 2357
1 3756
35 2286
34 3663
78 3905
1 2780
57 2261
1 2798
100 3125
71 3007
96 2630
20 3983
51 3900
63 2549
21 3526
74 3817
30 3924
43 3909
29 3963
64 2880
96 3275
51 3460
84 3952
42 2576
55 2299
1 3943
71 3681
26 2871
76 3212
6 3555
25 2446
69 2740
64 2539
24 3541
70 3425
53 2177
60 3709
52 2660
81 3020
84 2301
32 2094
71 2754
21 2000
24 3622
57 3419
9 2742
92 2462
80 3705
53 2298
87 2265
73 3769
12 3245
9 2127
17 2085
1 2765
38 3539
9 3834
70 3720
90 2550
43 2392
61 3336
6 3015
68 3411
76 3155
21 2008
34 2695
27 2602
30 3124
31 2832
29 3384
