79 4126
35 3839
73 4002
29 4246
86 3798
6 4193
1 3945
87 3721
1 3934
93 3835
5 4116
62 4267
7 4074
62 3992
14 4074
7 3967
46 3542
48 4414
74 3511
53 4389
89 4077
29 4208
63 3704
44 3781
60 4416
98 3925
9 4082
26 3920
85 3876
83 3681
31 3490
44 4059
71 3743
50 3549
18 3578
83 4423
93 3591
25 3505
79 3673
69 3711
49 3623
87 4404
76 4341
52 3766
45 4326
40 3567
43 3798
72 3742
93 3934
30 4068
7 4062
4 4436
81 3823
29 4196
24 3752
38 3481
12 3922
63 3879
2 4321
43 3621
37 4320
80 3917
38 4186
32 4191
96 3499
32 3694
46 3481
54 4027
21 4079
69 4009
56 4429
7 4161
58 4360
48 4287
29 3737
100 4434
34 3560
14 4315
28 4245
49 3874
51 4152
58 4235
32 4092
33 3982
68 3824
8 4245
86 3541
94 4221
63 3676
37 4173
51 3760
59 4056
63 3607
70 3525
89 3969
91 4206
3 3998
50 3736
85 4118
22 4337
