16 944
88 882
4 482
78 406
8 331
7 194
9 297
62 1263
64 859
28 308
19 175
31 1872
30 496
37 1265
60 54
32 739
99 185
7 2007
57 607
40 1162
94 192
68 1015
8 1806
48 828
21 267
97 1172
33 592
95 1432
24 1963
9 1085
51 1045
28 1949
37 103
32 2023
100 151
44 1475
66 1831
91 198
88 683
4 1600
60 308
70 1341
94 1933
84 1914
38 265
89 592
41 1227
35 620
30 887
20 64
29 305
40 1204
98 1443
14 1861
96 1012
7 687
97 1157
96 1313
94 1758
79 879
76 835
74 1547
8 1658
14 64
99 1863
70 1648
3 1556
28 1355
88 783
39 429
42 305
84 1509
97 1091
16 1687
30 1278
94 147
36 309
64 498
70 1369
74 68
84 220
17 54
2 1538
45 268
76 542
25 2011
23 1878
63 40
42 2007
9 109
83 216
57 525
96 1515
86 1809
50 152
39 1143
27 1671
1 1983
30 278
75 68
