45 2668
41 1082
92 1096
69 1407
47 2252
73 2177
12 1768
72 2716
34 1226
42 2566
81 2969
7 2023
86 1198
90 2280
90 2645
72 1584
97 2933
91 1244
15 1374
67 2353
68 2976
21 2202
36 2524
98 1732
39 2535
76 1488
23 2642
92 3043
25 2258
77 1792
16 2772
44 2058
95 2700
19 1700
99 2401
4 2659
94 1765
77 2949
86 2659
6 2951
26 1693
11 2591
51 1661
80 2568
37 2641
65 1756
5 1874
49 2398
44 3001
71 1254
76 1851
21 2776
71 2634
16 2009
37 2188
13 2921
40 2129
27 2916
15 1587
67 2386
58 1795
48 2694
1 1058
5 2983
57 2232
10 1179
19 2177
54 2136
41 2835
90 1865
36 2306
27 1064
98 1214
60 2670
45 1588
33 1305
7 2428
94 1706
88 2993
59 1476
40 1579
59 1306
16 1158
12 2882
33 2996
67 2244
71 2128
40 2273
39 2609
6 2461
25 1380
74 1645
87 2315
91 2104
92 1846
28 2990
62 1762
88 2609
54 2892
61 2364
