85 4662
56 4744
26 2854
1 2932
92 3673
73 5011
44 5370
22 3475
94 3357
100 3952
88 4939
44 3296
94 3375
39 2922
98 5084
55 3090
50 4223
57 5455
52 3108
40 5343
44 4743
100 2495
18 4346
54 4369
62 4792
52 4044
15 5004
11 2562
65 4240
8 3871
20 2753
23 3200
51 3286
77 4679
17 2924
40 3138
21 5372
44 4261
62 4759
51 4881
92 4550
22 4703
4 3008
24 4247
87 3565
3 2525
77 5080
59 3357
28 3139
2 4992
61 4068
92 2877
42 2791
5 3115
57 3718
68 4521
55 3960
5 4258
82 4398
9 5392
50 5463
88 5221
9 3556
90 5404
29 5017
15 2615
83 2744
44 2730
29 3752
65 2528
98 3405
48 2880
86 4937
25 2621
83 3638
80 3419
92 2949
49 4623
58 3880
10 4689
36 4572
89 2735
89 3693
54 3628
40 5080
21 5218
33 3684
7 4478
47 4622
23 4318
61 2763
64 3210
38 4574
72 4484
69 2963
26 3961
88 4711
36 4780
16 4662
17 2763
