25 2566
65 4454
34 2351
75 4567
28 4736
37 3026
71 3974
4 2579
50 1239
55 1834
52 4150
71 1728
68 2186
26 4419
48 4484
98 2233
16 1555
69 2606
100 2353
26 4575
83 2338
99 4257
32 3219
4 3861
11 1836
81 4935
35 4621
40 1986
98 2498
73 4349
17 4063
32 3438
76 4424
16 1342
95 2634
43 3012
88 4978
58 4407
70 2534
52 2943
67 4092
15 2586
70 3729
51 3112
49 3545
41 4200
70 1914
66 5138
96 4664
3 1333
28 1753
48 2880
59 4132
100 4772
64 3026
32 2343
12 5164
15 1049
67 3259
49 2449
31 5211
90 2560
8 4068
3 1670
44 3679
63 1950
43 2696
85 2626
8 4964
46 4951
58 2668
12 4383
74 5006
95 1937
32 3567
27 3659
40 4521
50 4439
68 1938
65 3170
34 4746
60 4476
96 2731
31 3613
60 3136
51 1132
47 1374
79 2767
60 1628
13 4499
78 2138
76 3767
77 1264
71 1484
18 1163
67 3273
57 2236
51 4317
99 2784
24 3360
