42 2820
81 6088
55 4922
37 3684
8 2763
20 5368
44 2051
100 2468
53 5690
81 6111
62 3830
54 3129
74 3279
18 2695
80 6439
48 4759
30 4267
92 3539
95 6178
91 3922
76 2700
1 3432
17 2635
21 6432
49 2298
75 3947
24 1790
51 4340
22 6071
39 1896
29 4541
26 3452
42 2927
16 2155
65 6580
39 2846
87 4381
12 5578
3 3778
40 5143
97 3871
40 4257
88 5909
76 3625
75 1772
30 2428
58 3087
9 4977
16 5768
13 3564
5 5896
98 4091
42 4043
30 3426
9 1627
71 3292
12 5115
86 2746
28 4128
79 3876
64 2290
83 5157
93 4678
40 5614
75 6094
50 4935
96 5053
38 5526
50 2639
37 3633
22 2547
15 3166
77 4298
42 2995
19 2220
36 3115
5 2612
70 2271
64 6549
73 5529
33 4816
32 5536
96 3830
42 3719
97 2776
21 6592
100 2183
36 5222
72 1856
64 5120
67 2973
61 4507
92 1615
34 3985
53 3773
1 4475
3 6461
88 3829
92 6410
78 4409
