45 4643
84 3928
12 3179
84 3604
5 4623
49 4397
62 4476
67 3240
25 4167
24 3666
48 2971
17 4089
33 3481
74 4008
58 3665
5 4100
48 3165
29 4349
33 3018
15 3954
58 4549
66 4032
57 4409
75 3350
6 4809
22 3612
74 4173
21 4822
57 3859
88 3622
31 4626
79 4693
38 3646
60 4883
56 4626
84 3912
51 3980
45 4265
24 3393
8 4280
97 3839
7 4088
29 3356
20 4523
75 3672
68 4277
65 3303
34 3062
99 3658
15 2964
83 4395
15 4320
19 4286
33 4137
6 4065
46 4788
44 3005
37 4606
66 3723
16 3155
39 3981
47 4819
71 3533
13 4306
14 4220
91 4316
54 3335
30 4710
87 4020
52 3070
72 3903
84 4809
93 4383
39 3602
54 3535
57 3525
80 3831
46 4549
41 4367
57 3161
56 4307
43 3803
75 3820
88 3555
25 4311
91 3397
2 4669
84 4686
56 4374
50 4813
95 3705
7 3719
57 3670
34 3254
6 3897
30 3704
52 4299
93 3987
99 4456
76 4261
