3 4939
94 4347
45 4613
36 5323
82 6327
69 4564
97 3164
61 3311
46 4746
27 3828
18 2901
86 4843
70 3256
67 5020
65 5504
54 4923
29 5789
80 5358
39 2679
72 2956
23 2468
72 6168
91 6204
67 5417
74 2707
59 6643
26 5847
94 4991
44 3730
89 4584
84 4973
49 2016
3 5567
61 3735
96 5511
77 2157
51 1813
21 6497
41 5838
44 2306
37 5939
58 3488
45 2631
96 4923
98 6977
100 5646
28 6979
97 4531
1 3862
54 2689
45 4491
55 5990
19 2697
13 6278
79 4361
54 6085
51 3360
9 6306
29 5123
69 2751
76 5342
13 6126
53 5080
98 3986
85 5995
54 5056
38 2528
59 2011
3 6048
39 6425
29 2989
67 3475
7 5064
48 7008
23 3028
61 6914
21 6656
55 1847
34 3584
87 3060
64 5883
98 2045
27 2910
47 2568
54 3780
51 1664
53 5540
99 6589
74 1803
55 1672
100 5298
80 3182
46 4675
23 2242
31 6351
20 5387
35 3007
90 3758
80 4435
46 2474
