25 493
59 1536
70 3248
77 2043
41 504
87 1181
58 2826
95 2706
83 3128
64 3153
60 1041
38 2292
24 1291
58 2531
98 2478
4 1436
78 1770
41 788
14 1524
64 1238
58 716
20 1282
83 538
48 3043
12 2982
19 2631
65 980
65 2718
20 2103
21 1319
40 1337
9 2188
33 1697
16 1604
16 2705
42 1817
21 500
64 1729
99 2047
50 1537
7 1697
58 521
26 2727
45 2003
90 1883
8 1641
100 2838
20 1446
59 764
29 2537
78 1470
67 554
9 1479
11 882
68 2629
77 502
39 2840
49 2920
46 1905
24 565
25 2963
28 1491
32 2883
26 3145
86 3057
30 754
51 1640
84 2580
32 3220
88 1376
88 2922
48 2956
6 484
23 2948
64 1733
71 2074
60 1210
49 2326
75 3008
63 527
10 1622
34 1934
18 1576
68 1242
5 1617
41 1423
97 2258
50 3189
32 2661
34 1473
25 1738
14 1095
9 829
2 2104
88 3084
11 2763
92 2573
31 1920
91 926
67 547
