66 0
71 1723
3 2986
77 0
30 2672
61 537
30 0
70 0
56 0
32 0
60 274
34 373
68 549
100 2088
51 1745
54 0
71 0
8 685
28 101
99 0
46 1045
66 0
78 98
35 2598
47 0
44 214
22 1849
98 1358
67 0
85 722
52 2716
96 468
65 0
61 17
52 2284
53 2390
66 0
79 1161
90 1277
96 113
6 0
90 503
76 0
84 2612
71 1071
99 1078
4 0
51 361
19 0
53 0
21 2125
46 2741
55 1998
6 2373
26 2732
5 2129
72 2133
44 481
66 3
30 592
9 1691
14 0
93 0
45 2371
18 1512
50 2025
95 0
1 0
69 2214
82 1562
28 0
71 1985
64 2388
70 2258
45 1686
78 0
85 0
64 503
73 600
76 0
4 0
92 2982
35 2004
91 1752
41 1802
53 544
74 2572
73 0
13 0
83 2243
93 523
11 0
38 838
6 1507
52 1776
7 2156
58 1334
14 1349
19 2522
44 11
