36 1214
85 2511
40 1625
67 2115
1 2555
46 2971
89 1918
24 2243
73 2708
42 1993
92 3094
35 1663
7 1344
92 2152
56 1893
98 2367
23 1361
71 2717
17 1676
86 1455
99 2363
95 1329
41 1112
80 1289
22 1786
43 1175
90 2434
68 2362
8 2076
95 2682
19 2264
91 2789
17 1759
17 2761
91 1091
39 2237
51 1857
82 1863
16 1521
10 1607
45 1324
65 2448
34 1135
33 1697
91 2922
100 1797
92 1974
82 2595
74 2205
35 2982
90 1711
81 2967
78 2209
34 2344
70 1914
28 2311
22 1997
16 2409
41 2167
69 2322
25 3036
21 2834
22 3031
92 1492
5 1167
41 1779
35 1446
85 1707
73 2074
26 1612
15 1321
55 1327
23 2539
95 2562
35 2558
96 2225
90 2431
60 1880
73 3057
23 3026
20 2369
34 1543
57 1387
59 1599
82 1173
20 1733
50 2954
5 1067
38 1239
92 2220
20 1057
37 1057
54 1186
61 1731
45 1066
63 1662
56 2482
1 1555
81 1656
32 1575
