58 2660
6 2470
79 3475
60 4146
38 2984
93 3852
30 1951
43 2683
35 2565
4 2203
17 2965
42 2814
9 1465
26 1856
24 4182
90 3288
16 3436
50 3650
65 3063
86 3000
36 4111
53 1941
77 2913
93 4115
27 3096
22 1764
37 1787
32 3243
31 3028
24 2348
21 3019
12 3800
59 3446
41 3866
11 2549
49 3409
51 2759
100 1823
50 2113
57 4180
5 4192
51 2035
12 4196
90 3613
27 4229
62 3554
75 1936
32 2529
82 2079
35 4067
15 1836
74 1758
48 3876
99 2653
38 3651
34 2185
53 2210
29 2026
90 1611
88 2014
29 1995
69 2621
46 4027
24 4055
67 2854
12 1900
77 1597
76 2595
88 2527
85 2514
70 2321
8 3539
69 2024
47 2576
12 3000
50 3275
16 3953
61 2075
22 4099
39 2585
86 3009
21 4158
71 4015
72 3603
35 1444
69 2457
57 2759
96 3111
12 3549
61 2725
24 2110
27 1739
22 2216
7 3493
83 1996
41 2570
86 2695
94 1657
4 3934
54 1740
