56 4279
11 3841
49 3965
21 4113
68 3941
46 4616
8 4105
45 4163
71 4279
23 3891
99 4421
91 3949
87 4587
1 4097
19 4013
50 4428
22 4540
52 4622
25 4312
85 4360
85 4033
54 4005
55 4173
18 3729
60 4117
75 4622
14 4575
77 4415
76 3715
37 4595
81 4292
86 3828
24 4287
68 4626
26 4646
7 4740
10 3923
76 4577
59 4035
60 4181
74 4191
74 4308
21 3953
72 4013
19 4732
9 3960
96 4657
82 4109
99 4081
47 4519
97 4583
69 4175
56 4120
74 4704
29 4473
39 4123
22 4645
67 4038
34 4511
54 4533
24 4726
44 4618
89 4604
14 3934
60 3740
94 3971
96 4160
94 4645
1 4317
99 4462
52 3734
84 4696
16 3924
24 3962
13 3963
82 4013
59 4532
81 4041
40 3764
76 4510
69 3740
34 3767
60 4643
92 4731
46 3863
29 4574
38 4424
18 4119
21 4383
38 4232
49 4490
67 4647
68 3808
75 4290
89 4030
40 4575
48 4188
36 4449
51 4461
46 3861
