65 2182
7 2113
21 1541
41 2269
47 1640
51 2099
72 2220
19 2336
14 1814
13 1610
26 2321
62 2387
89 2415
62 1666
96 1894
97 1962
78 2441
9 1760
11 1613
45 1831
67 1848
32 2079
71 2057
38 2205
86 1673
34 1641
62 2081
100 2216
67 2470
40 1737
79 1752
63 1634
15 2172
59 2317
23 2028
77 1616
61 2416
16 2056
11 1565
63 1617
44 1682
73 2440
43 1564
82 2104
69 2377
82 2305
38 2418
93 2310
90 2440
42 1915
77 1906
71 2262
30 1578
14 2262
70 1558
69 2081
81 2141
26 2255
39 2160
43 1653
35 1579
83 1775
45 2428
40 2068
6 1941
8 1727
46 1938
20 2143
93 2378
19 2228
2 2049
34 2399
73 1724
30 1776
80 1508
32 1714
95 2258
38 1980
94 1546
53 2338
11 2121
32 2156
100 1547
87 1649
36 1647
3 2061
6 2119
41 1725
38 2191
45 2410
16 2359
100 1596
34 1711
31 1937
12 1728
32 2162
78 2342
66 1526
41 2290
69 1505
