57 4321
99 2611
95 3628
90 3928
88 3017
15 2971
69 3182
98 4007
45 3956
50 4325
98 2932
13 3673
22 2595
21 2963
27 2570
73 2557
51 2643
73 3744
79 3231
41 3560
37 3511
25 4091
38 3722
70 4280
54 2884
76 4172
88 2708
96 3393
20 3651
91 3205
41 2967
96 2339
51 2946
97 3819
80 4131
91 3109
38 3016
57 2703
15 2469
19 2740
84 3103
99 2436
41 2953
22 3914
59 3312
39 3346
59 4029
57 4180
92 2180
18 2670
27 3246
100 4186
59 2782
78 3438
23 3704
83 4280
18 2611
74 4252
88 3493
72 4317
65 2619
13 2634
77 3351
45 3628
64 2198
8 3978
27 3230
31 3750
64 4132
29 2424
40 2451
56 2548
72 2367
61 2290
88 2336
24 2546
32 2548
88 2712
82 3192
36 2395
9 2312
48 4344
90 3422
79 3268
34 3551
3 3476
77 3645
33 3660
1 2406
21 3259
71 2494
34 2732
57 3206
42 2558
82 2599
20 2462
57 2674
89 3357
6 3808
7 4280
