7 4069
48 3172
13 4031
14 1622
76 3388
89 4080
18 3368
87 1725
46 1692
20 3481
65 2202
53 2409
66 3383
44 3466
83 2278
91 2685
52 2094
58 2051
3 1458
36 2863
56 1515
14 3604
54 1989
27 3563
26 4091
44 3547
68 3758
59 2079
74 2545
57 3929
81 1440
97 1574
20 1602
27 2905
12 3323
57 3004
87 1858
65 2406
51 1931
83 2651
32 1591
2 3477
24 3750
90 2167
89 3874
94 2799
23 1927
78 1880
98 2552
72 2009
87 4082
44 3086
58 2569
90 1451
24 2363
29 3317
16 4116
6 2370
75 2430
4 4014
26 3540
29 2240
36 1827
56 2795
60 2070
87 2019
88 2046
97 3669
8 2014
16 4213
4 3416
61 4238
30 1652
54 1763
12 2432
13 1810
79 2271
29 2133
31 3795
56 2846
42 3272
95 2162
60 1756
99 3176
14 1450
21 2335
64 1487
66 2480
13 3802
12 3121
65 3919
17 1574
3 4297
10 1696
54 4103
82 4189
33 2450
82 1534
10 1735
6 1529
