67 3547
30 3464
37 3524
72 3365
30 4213
14 4057
1 3829
84 3750
35 4126
63 3362
55 3821
56 3496
15 3984
29 3617
69 3567
21 3870
27 4083
76 3802
78 3718
89 3547
66 4165
1 3806
94 3734
79 3486
17 4230
63 3817
51 3959
77 4288
54 3577
85 4147
33 3404
3 4030
31 4188
80 3835
27 3393
36 3646
65 3723
35 3653
63 4053
71 3729
19 4190
48 3692
68 3391
40 3617
49 4177
81 3946
50 3407
37 3961
9 3394
63 4068
7 4246
26 4161
17 4144
98 3847
49 3521
56 3951
10 4071
48 3699
84 3465
12 3647
6 4102
56 4295
79 4259
70 4028
40 4020
4 3792
79 3806
64 4081
32 3991
48 3846
38 3915
39 3364
37 4035
70 4011
68 4252
43 3549
32 4039
1 4135
38 4216
71 3400
93 3520
8 3785
60 4044
33 4014
62 4262
69 4277
80 4145
55 4284
75 4184
64 3422
56 4120
95 3521
69 4128
52 3662
5 3400
34 3439
69 3427
9 3584
13 3860
22 4214
