37 0
96 2003
32 2051
16 3111
37 2943
15 0
40 1993
18 2556
57 1470
44 419
94 3136
52 2685
30 2408
17 2976
39 3420
10 0
3 1943
48 14
92 3134
22 3251
26 0
49 1461
25 2015
77 2216
66 1927
88 3177
38 1462
60 901
31 2782
38 2198
23 1173
77 1700
26 0
31 2711
8 1154
74 1648
77 2504
86 1054
54 1652
32 0
48 2013
56 0
28 1616
100 0
38 3418
24 2597
86 1699
90 0
47 0
27 3451
96 0
19 2230
65 0
48 0
51 414
21 1778
57 181
16 2946
65 501
86 115
34 0
56 0
91 2119
31 0
85 0
61 0
75 0
90 535
21 212
63 3079
24 0
20 1592
59 1329
33 899
43 0
26 3083
53 2966
72 610
83 532
79 1442
42 2355
2 0
73 3045
16 790
86 0
87 411
27 0
54 1721
85 1824
24 0
91 354
75 2859
59 644
25 717
33 0
52 0
91 814
50 2459
19 931
54 2059
