63 620
41 3948
3 3999
87 4714
95 1676
16 2087
98 2104
20 814
56 2459
83 896
41 811
86 4140
24 4628
94 5701
82 1796
57 4280
90 4179
77 647
28 4278
92 3101
58 3729
75 2926
93 3085
94 3322
40 2785
71 3081
57 6184
70 829
56 812
10 1669
32 4062
80 4747
60 3063
9 6225
27 5088
58 2502
69 6117
35 4522
61 6380
98 2171
67 1655
45 1805
95 1967
24 3240
98 1977
68 1337
64 5553
60 4413
92 5865
97 4280
10 1533
97 1987
61 732
46 5692
21 6366
94 3641
4 993
47 4714
2 5613
91 6043
20 1454
60 6067
1 4719
59 4925
68 2270
77 2325
95 3692
88 1999
40 6260
69 3042
23 5740
20 672
93 2314
35 1539
79 5623
74 1989
97 3226
73 1244
69 5013
94 5990
72 1284
57 628
92 4015
7 4737
35 3520
33 4934
77 3594
81 3378
30 3883
18 2851
29 2742
80 2685
75 4022
66 4158
53 5315
37 1046
43 4724
82 5729
21 891
68 4166
