81 283
31 594
70 1149
68 3206
74 3463
14 2097
84 1005
55 3096
13 2139
84 3120
78 1916
66 3169
3 2425
86 3300
33 1516
14 917
21 3230
51 412
78 3406
31 399
30 3650
18 905
37 968
18 1798
31 3363
13 696
66 2464
95 1104
92 1455
30 2796
45 3511
16 1961
89 1100
49 3463
14 951
52 3280
82 849
43 2907
42 1391
63 1449
89 195
14 686
10 3282
21 439
4 2806
62 2967
94 678
46 1592
32 4
18 1608
82 1103
97 1373
48 3003
92 1238
81 3959
47 1928
62 1509
58 2404
66 2011
26 548
21 2610
11 3713
59 2843
69 2193
38 612
32 3061
12 1038
29 1425
3 697
1 2494
78 1878
61 458
80 2270
7 3068
48 2519
16 247
21 3877
15 1863
17 2723
100 3248
93 1869
65 189
82 911
98 2257
100 3097
82 2989
53 2968
37 1014
90 1521
53 1634
39 216
19 2766
44 1672
79 3520
89 1088
100 186
48 3947
20 3833
85 4010
17 2167
