97 786
53 2726
70 0
93 0
18 3067
55 0
57 154
85 0
38 0
37 2950
51 0
83 3163
50 783
84 0
41 278
81 713
9 832
11 238
71 2192
60 0
61 1691
25 2207
85 0
77 0
61 0
73 1258
37 2564
34 0
56 110
58 0
5 1028
23 0
93 2023
62 3079
82 1845
87 991
56 348
56 503
95 2237
86 1974
78 514
18 1982
26 35
22 0
91 2170
67 3184
87 2971
64 543
43 2983
74 0
22 96
46 8
15 798
51 0
55 1476
35 0
74 1363
20 0
91 2394
5 589
37 1228
22 2937
91 470
11 27
37 0
40 1030
45 2513
83 707
91 41
62 0
81 0
8 3118
83 0
73 0
23 797
34 0
87 1759
25 1838
46 0
14 0
30 1155
25 350
100 2304
72 1084
72 3213
45 0
24 2897
58 358
87 0
70 2635
23 2721
62 0
7 0
46 2414
95 3175
98 0
4 2339
50 1075
74 2939
19 1740
