13 2899
69 751
30 650
30 0
5 62
55 1964
5 881
81 0
57 173
1 1723
65 2440
79 1045
71 435
35 591
92 190
57 186
77 0
47 825
6 2269
23 1912
8 1267
83 0
1 1776
99 1298
86 2912
60 0
28 978
74 140
6 0
19 1227
62 2111
99 491
54 1986
32 1175
74 1347
87 0
34 308
80 2259
70 0
91 1801
83 2155
47 640
35 1179
38 2269
71 0
45 1495
5 0
37 2443
7 1669
66 2443
12 2143
46 2640
58 2616
26 2275
14 113
28 1112
20 59
44 178
49 2859
90 1730
79 2406
40 331
64 0
90 531
23 0
18 0
87 0
16 2618
40 0
39 0
14 1605
21 1990
14 650
32 2917
46 2138
53 443
98 703
47 0
51 407
84 1743
9 0
58 999
92 0
34 0
37 575
88 2079
99 0
66 544
26 1530
34 1902
40 929
75 45
3 2025
99 0
24 2338
83 2337
74 1787
39 1130
4 1575
64 2546
