78 2400
88 1670
53 2747
71 2928
12 744
43 1306
96 2843
26 1392
44 1068
3 1200
34 1239
92 2807
34 784
37 2046
76 2888
99 2949
3 2050
35 547
53 3382
48 2206
36 1162
68 2714
32 3160
57 2247
13 2373
25 3060
7 1974
5 2864
76 1409
21 1108
77 2581
16 3069
2 819
45 2247
26 1726
56 1783
73 2833
94 1183
43 2388
35 2117
39 1088
7 2839
29 1070
71 1112
95 686
43 3180
4 2775
90 3091
13 3194
31 724
96 671
89 2699
37 3344
10 2675
26 2247
91 1036
60 1117
71 2441
76 501
27 2607
40 805
42 2478
94 1941
22 3299
70 1317
32 2668
24 1900
53 1629
16 1473
32 1072
97 889
47 2385
85 2705
24 3301
85 2382
9 1515
96 745
12 1403
59 593
31 2679
53 2104
49 2958
34 2405
86 2463
60 3184
29 2311
54 3062
81 908
93 2141
19 3290
58 1795
2 3075
87 2956
8 631
84 1468
11 3391
93 877
42 1099
83 2592
36 2023
