40 4865
82 2481
82 5163
59 5843
85 3013
48 2793
60 5278
7 4579
70 4391
55 4212
81 2851
75 6034
88 5797
18 3564
89 2223
98 4921
14 4441
56 2110
46 5500
13 5501
73 3073
37 5243
11 3289
57 3067
45 2643
57 4059
96 4873
25 3372
80 2237
36 3782
83 5559
57 4918
59 3723
9 3491
95 4144
35 3844
47 4602
88 4044
10 2136
76 3161
85 4243
9 3006
3 4465
40 2347
30 3775
68 2327
63 3594
25 5311
99 2748
38 3874
73 3910
24 4613
14 2163
8 4710
55 3182
87 3641
50 5279
62 2449
99 4018
22 3175
4 2668
95 4752
2 4829
13 3780
35 2611
47 3810
67 4539
99 3183
52 5510
34 3945
24 3660
18 5121
77 2143
75 2266
62 5139
77 4674
60 4040
4 2917
26 5751
58 2530
10 3280
91 3363
56 4706
90 3116
22 3026
19 5278
20 2120
98 2327
73 2643
59 5187
31 5876
65 6040
42 5955
27 2025
36 2309
64 4542
9 2395
4 5535
79 3023
29 3442
