73 5050
59 4146
56 3842
96 3965
62 3539
8 5528
78 4857
92 5120
80 3469
27 5067
97 3658
53 3753
62 4204
74 3496
39 4838
81 4243
42 5227
94 5341
99 4213
52 5550
9 3436
31 4274
87 5171
41 5351
53 3415
67 3729
32 4191
42 3794
20 3481
56 5514
33 3676
46 3414
87 4155
62 3480
48 3532
70 4810
10 4143
59 4262
25 4438
68 3495
77 3996
53 3558
90 5540
69 4174
77 4944
19 4031
56 3697
19 5104
67 5009
67 3503
78 4174
98 3775
35 3399
29 3541
77 4811
27 5269
68 3659
88 4957
65 4072
31 5500
9 4158
63 4234
72 5147
74 3807
3 3966
19 4898
42 5421
23 5055
8 3579
21 4066
45 3842
48 4228
85 5513
91 5270
76 4003
93 4117
46 4575
70 4629
71 4883
49 4302
47 3566
13 4014
83 3385
21 4375
28 5379
53 5375
87 4633
71 4646
52 5249
61 3625
18 5244
93 4075
80 4868
33 4564
97 4914
65 4408
36 5350
65 4459
69 5192
22 4269
