100 2732
67 2498
73 3221
98 2410
70 2737
22 2916
19 2433
55 3170
10 2471
1 2941
32 3249
49 2838
11 2700
3 2754
77 2594
52 2907
96 2940
40 2831
56 3269
26 2915
82 2949
36 2767
8 2730
59 2486
25 3121
39 3096
82 2939
14 3113
36 2491
56 2371
55 2449
34 2629
58 2717
11 2890
47 2349
8 2877
11 2581
58 2980
4 3095
10 2868
85 2999
59 2417
97 2350
59 3062
37 2984
2 3057
35 2833
36 2612
41 3246
57 2532
17 2430
82 2775
66 2495
25 2792
90 3132
7 2429
26 2560
72 3274
9 3109
79 3136
45 3052
1 3045
19 2554
67 2855
45 2615
71 2678
73 3068
79 2387
53 3164
46 2765
28 2680
41 2806
11 2621
76 3230
20 3108
52 2792
64 2791
51 2754
10 2657
76 2936
47 3202
60 2693
96 3107
51 2675
73 2684
47 2400
3 3066
76 2430
57 2721
41 2668
14 2760
50 2824
74 3263
24 3219
65 2905
82 2662
84 2598
83 2526
34 3045
35 3184
