81 1494
62 886
31 1176
24 783
86 1558
96 1267
29 1042
47 1547
85 1272
14 1093
94 1586
66 727
33 1189
36 935
39 853
4 631
40 558
74 823
52 1199
3 809
63 1367
95 1585
18 1228
57 1305
85 1138
10 579
3 539
89 1064
93 1471
82 980
39 997
84 1228
38 844
89 1512
7 798
73 1165
98 1182
58 1523
72 1129
21 544
56 1415
37 864
94 1209
56 982
24 1247
32 1059
18 1105
87 1373
46 1173
68 928
53 1445
94 1490
76 692
50 1314
24 1413
53 1580
35 974
25 583
72 1237
8 1398
91 1213
88 935
85 930
74 1062
25 1332
3 1549
86 1417
38 730
88 874
67 836
91 976
16 1099
65 1007
76 705
97 1495
21 1155
65 990
13 728
48 1200
32 1559
12 711
51 560
54 802
68 1569
39 1557
91 787
3 1390
30 1419
62 1369
68 1267
49 834
61 1015
65 882
25 1394
30 1129
23 1402
25 551
32 1002
81 568
86 1232
