72 1800
69 3482
38 0
26 0
32 2544
9 0
50 1287
29 0
57 2772
88 0
63 0
27 1013
59 1811
42 0
80 0
84 2029
96 1085
7 2905
32 869
79 302
16 2844
46 2927
77 0
15 3301
37 2095
88 165
77 1305
3 3585
33 118
36 0
92 1394
39 0
82 1248
79 3208
98 0
38 0
17 0
49 1100
75 0
32 546
98 3729
8 1315
79 1601
13 3488
19 292
65 2886
57 2523
100 3331
98 0
53 2666
31 3485
95 2634
38 0
10 0
80 3279
9 39
25 316
54 688
96 473
87 1033
88 1246
97 456
26 0
76 267
70 0
71 3416
92 0
25 3611
71 625
53 0
35 1357
33 3354
49 301
18 0
37 0
99 0
27 3609
18 814
98 244
52 3014
90 1358
6 596
4 3748
95 0
65 875
97 0
54 0
26 0
58 989
26 0
65 722
31 1638
93 736
22 0
85 3145
40 0
17 0
78 381
65 1108
36 3241
