41 1932
68 3190
53 1037
91 1092
1 914
54 589
39 2073
74 1961
87 1534
58 751
95 1269
15 3452
99 1134
99 2456
34 661
65 697
39 3363
88 1686
93 694
44 1561
69 2175
73 2339
80 2859
54 664
20 1742
2 2083
2 1545
66 897
61 1905
75 1758
86 1188
91 1088
2 1986
39 1513
62 2506
88 1689
24 1878
52 648
20 1145
32 3496
15 3088
4 2518
15 3233
7 2753
37 3221
52 2783
27 1516
3 1375
29 1014
6 3430
55 828
80 1636
59 974
58 1025
97 1109
46 3217
50 1708
77 1912
79 1178
13 1569
87 534
52 2604
59 2678
84 2999
95 1265
80 2536
36 2654
46 2561
88 1314
89 2919
66 2651
99 3033
24 786
57 2559
97 1588
14 3529
100 583
65 2654
11 1457
59 2056
95 1697
56 3471
66 2396
62 1541
3 3120
57 2915
11 760
9 986
92 1967
32 1883
20 2721
63 1028
21 3502
86 1000
31 2353
2 1779
19 2950
32 528
36 1976
7 1126
