39 2986
57 4438
64 1982
50 4377
1 2164
30 3752
83 4971
76 5132
35 3555
28 4512
16 2163
30 4613
87 1232
48 1294
93 1431
98 2726
18 3304
20 2156
100 2314
82 4888
50 2107
29 3626
43 2881
35 4301
59 2513
18 4840
53 2169
71 2190
59 3986
65 5146
73 3584
23 2585
26 5006
59 3274
77 3727
24 4878
69 3283
6 3043
52 4833
48 4495
78 2214
30 3894
45 4777
79 5245
81 1642
97 2867
19 5190
69 2596
46 1516
75 1441
98 3281
71 4962
5 5160
88 2680
98 2815
92 4348
93 1142
42 3404
49 2763
94 1819
94 5215
6 2457
89 3844
25 1182
26 2147
74 3876
9 3532
3 2615
58 2630
62 2642
25 2819
34 3073
59 1202
69 4924
95 2809
26 2170
92 2207
73 2751
12 1277
50 4165
2 2179
40 2042
65 1940
74 4070
85 4622
11 4687
88 1924
45 2712
25 4758
41 3207
81 4480
39 1334
9 1916
81 2807
87 3130
10 3354
89 4122
79 2347
6 1504
8 1091
