34 1870
58 2153
49 1104
27 0
1 581
77 2124
27 2100
12 850
2 0
5 2107
50 2115
54 111
87 2315
81 332
70 135
63 0
21 0
46 0
67 2124
98 0
31 30
80 665
67 1533
94 0
95 509
61 1314
1 1334
49 2339
55 770
41 973
18 1127
28 0
2 1114
7 1519
57 321
56 1618
35 73
14 548
50 516
42 1861
80 1139
64 2141
66 1390
24 1074
59 0
30 1792
57 1858
11 231
46 0
86 1532
31 1181
46 349
84 680
60 768
33 0
1 0
71 1673
65 893
18 2268
52 2275
47 1383
59 1659
27 2191
78 0
22 1857
40 713
18 263
26 1245
32 2109
32 0
27 0
79 1696
96 1917
29 0
66 1873
61 0
5 722
86 815
8 776
67 1136
94 1900
41 0
66 1878
45 1817
28 21
1 1106
75 1330
10 1427
57 0
37 2048
100 1337
32 1945
36 120
30 2061
31 538
70 0
17 1057
59 0
70 978
86 1181
