63 4272
78 4464
69 4579
63 4497
84 4537
96 4160
31 4206
28 4115
79 4593
82 3809
5 4275
47 3926
78 4388
28 4546
68 3720
58 4338
7 4458
15 4529
17 4640
75 3915
92 3934
97 3981
59 4033
1 4342
59 3960
35 4003
8 3917
98 4007
88 4294
13 3734
55 4419
63 4604
51 4459
70 3938
5 3799
62 4025
21 4146
54 4331
14 4145
61 4110
69 4028
1 3821
43 4204
11 3640
62 4291
37 4224
18 4492
25 4020
26 4099
23 4037
25 3854
46 3724
61 3999
87 4066
70 4402
43 3794
83 4538
21 3680
70 3820
51 3984
98 3911
80 3773
86 4479
78 3617
78 4479
66 3764
20 3657
17 4379
10 4184
70 3711
57 4503
62 3631
86 4135
90 4283
37 3612
59 3989
90 4638
97 4501
1 4083
82 4582
44 4262
18 3656
4 3711
64 3645
17 4463
7 3873
94 3904
3 3847
77 3651
29 3970
97 4464
68 3768
85 3678
73 4122
49 3702
95 3858
8 3770
35 3863
74 4144
2 3974
