78 5228
73 3280
74 5075
92 4871
65 4862
55 3106
60 4118
8 2800
18 5124
49 4088
69 2648
78 2761
78 3541
83 3715
37 5512
48 2937
78 2627
18 5097
74 5463
77 3655
17 3585
3 5528
64 5263
22 4250
55 3378
57 3402
44 3688
56 2681
91 5225
26 4132
23 3104
57 4939
1 4150
45 5486
90 2622
50 5079
39 5552
10 4114
59 2748
77 2590
4 5200
42 4669
70 4815
62 2559
94 3083
68 3657
63 2863
39 5019
15 3443
44 4438
13 2607
65 5378
12 5288
85 4567
6 5558
68 5040
82 3867
5 5023
82 4563
42 4954
71 2678
81 2965
68 5222
66 3949
6 3908
75 2782
99 5470
46 3059
74 2815
1 4678
55 3607
42 4265
13 4548
61 4038
60 4943
35 3184
65 4938
5 2654
100 3792
88 4318
77 4070
22 2914
67 2751
64 3155
78 3424
56 3294
76 5022
34 4200
62 2905
17 3975
50 2949
14 2817
31 3343
53 5587
75 3962
39 2792
14 5269
98 4252
14 3373
8 3191
