71 965
20 1194
33 564
48 1278
71 985
57 805
19 1373
57 1152
23 1357
79 598
64 1246
84 876
98 966
7 1345
52 1271
50 1350
23 685
99 541
62 815
93 1329
52 739
41 1115
73 650
63 634
32 1015
55 504
46 1133
77 1219
9 907
39 1072
19 670
54 1425
37 1122
5 555
21 1227
47 1408
56 991
62 763
94 801
13 1340
50 1021
61 1110
34 805
60 667
63 854
61 1282
15 1295
9 785
32 746
5 1311
82 1297
18 878
69 1360
22 741
90 491
71 1012
80 807
98 629
77 622
83 1055
26 804
39 999
97 957
57 1358
16 1174
53 961
51 999
14 1002
98 1433
74 628
7 990
20 680
17 882
51 1410
20 1362
33 998
11 991
62 561
64 970
43 627
54 740
11 1191
100 499
71 638
27 835
62 1221
26 1368
69 1068
50 1176
1 1098
14 1216
8 939
75 982
95 556
89 922
27 957
7 827
39 701
9 1199
56 819
