29 1065
29 1350
50 527
65 673
57 556
80 1113
44 843
14 491
100 1056
11 1439
68 783
75 1379
55 608
9 560
3 600
86 1327
43 1450
51 810
40 782
49 1168
23 966
6 1340
8 783
3 494
61 1063
55 818
38 1434
85 1237
42 549
80 778
90 811
58 1061
31 653
26 1391
39 736
39 828
24 1142
14 879
97 989
54 555
21 1288
76 533
100 1412
9 1223
75 638
35 669
59 597
58 836
89 1050
9 840
66 1257
50 1395
69 1041
52 1345
18 1084
46 1256
18 617
26 1312
51 1170
5 1435
72 1035
24 857
24 836
80 821
70 635
73 1311
65 636
36 799
44 550
33 649
59 655
6 1092
58 997
52 1025
69 1128
78 992
40 1159
66 1238
42 868
44 570
34 1451
41 983
76 1422
97 1142
92 666
59 973
46 548
80 536
64 1405
48 809
30 565
11 1276
80 640
42 1446
20 657
23 667
86 998
47 526
58 716
78 580
