18 5437
85 2125
79 3451
71 2071
19 5238
16 1875
75 5489
77 3259
95 2410
17 2087
2 5792
14 5225
10 4271
16 4041
25 6358
7 5355
96 4639
37 2680
75 3090
57 3208
94 6257
16 3905
51 3764
53 6126
92 2105
34 2803
41 3999
63 2334
77 3145
39 2254
66 3717
73 2071
15 4300
94 2124
66 4469
40 3923
14 5202
48 3510
76 5515
68 5398
13 5105
80 4020
50 6193
55 4533
26 2502
70 2518
56 6071
19 2317
37 3468
24 5957
79 2729
48 1469
41 2244
63 2496
40 2414
13 6057
48 2628
74 2115
100 4094
45 3931
44 5483
91 4412
34 5396
14 5420
68 4651
5 5391
76 4634
82 3763
38 4885
48 3190
43 5637
79 2414
45 5128
56 3033
7 4439
94 1676
84 1682
46 4657
6 4790
3 3060
7 1549
58 2154
10 3880
100 2771
34 2435
11 3055
48 2349
25 3559
80 2935
11 4508
37 1475
100 4991
22 4919
98 1498
3 5377
33 2901
31 4797
84 2831
78 2879
68 4353
