79 2277
54 1394
46 1183
52 897
97 179
50 140
49 3485
67 3729
85 3923
9 1214
59 1068
80 4047
29 3492
34 1731
61 2942
56 544
4 3659
60 2900
44 2579
76 3839
86 916
85 857
4 130
74 3621
87 1129
71 1109
41 883
23 2249
89 2955
95 3384
2 3045
78 126
20 721
49 776
99 3953
63 382
3 1267
52 984
55 1789
58 1203
70 1255
34 2472
92 2274
11 35
15 1771
39 865
71 233
4 2036
79 468
40 163
47 1222
28 623
42 2068
57 3736
14 2067
28 2552
43 2062
51 457
86 288
98 2640
60 3660
100 1849
34 404
93 3749
49 434
68 2328
85 2402
35 839
25 2422
17 1758
36 3049
42 2402
34 499
87 3750
12 2744
12 3381
98 2858
87 1905
55 3097
20 209
5 1150
35 737
30 253
52 2781
28 3877
65 1799
87 1958
26 3288
2 1741
20 3848
77 3295
89 2722
16 1307
24 706
3 2678
51 1227
97 1208
3 322
60 2431
76 3270
