16 2775
46 3286
80 1636
77 1169
16 0
28 1621
69 1305
47 0
84 1136
63 0
41 1750
28 0
94 72
65 0
25 0
75 1013
19 219
42 540
40 1528
72 1202
54 3512
5 0
98 2381
48 861
73 1136
60 0
3 3100
17 0
15 1011
46 0
39 3360
82 0
66 1625
6 2940
18 336
20 3560
1 1096
40 947
60 1761
47 2062
8 954
81 3423
93 0
83 0
100 372
64 571
80 2707
95 1867
90 1157
17 3421
68 1257
7 0
14 0
91 0
74 96
12 1247
24 0
36 2767
77 3078
17 0
63 390
28 0
48 51
6 947
40 738
16 1471
94 1079
18 2009
64 0
51 880
34 22
32 2582
98 3147
30 0
28 1947
92 0
42 3063
37 519
10 2197
84 0
73 0
42 1123
62 2102
3 0
26 2932
81 569
59 2336
63 0
100 67
30 1280
70 311
99 0
91 1144
81 439
73 802
58 451
96 0
21 0
56 0
63 3245
