57 2093
100 0
62 1148
14 1152
23 0
93 0
79 3191
2 0
68 2707
44 527
34 0
79 0
8 2960
15 422
63 0
30 0
23 966
76 837
58 0
45 0
71 598
94 1989
42 200
59 0
29 0
6 3423
90 2729
2 2829
2 0
44 552
6 3245
66 2050
21 2107
74 2327
40 0
5 546
24 3028
71 3246
72 2091
58 3294
63 2743
88 15
21 829
3 1556
86 2909
68 2398
84 155
15 3339
55 1018
80 2482
14 0
23 3235
14 0
39 3320
70 0
32 0
10 3340
78 2470
79 434
10 103
10 0
69 0
96 0
8 1218
11 0
27 0
7 0
26 2629
55 83
90 3403
64 2475
56 0
92 90
78 3053
95 736
75 2994
6 1672
36 1346
29 3129
62 1475
91 3522
70 1056
28 2738
50 54
87 1382
37 1503
58 401
59 2070
72 2146
54 3500
55 1997
75 1423
62 1534
82 0
90 710
88 2270
51 230
72 1870
14 337
74 0
