21 4246
60 3215
72 2734
48 3549
75 3417
97 4206
58 3541
58 3734
94 2158
49 2218
41 3720
23 2231
97 3408
26 2822
87 2417
13 3333
82 2748
53 2422
69 2351
52 2861
8 2646
61 2418
83 3230
27 4220
24 2580
29 3719
49 3320
17 3786
62 2686
44 3675
84 3866
16 3190
97 3956
99 3677
18 2719
62 3883
84 3333
82 3740
90 3630
29 3197
28 2350
32 3982
44 2320
62 2795
27 2367
66 2746
22 2626
14 2617
98 3552
14 2866
73 3959
41 3944
81 4117
48 2170
34 3702
69 2545
93 3529
89 3975
97 3456
27 4244
50 2603
19 3792
4 3809
59 3819
5 3031
79 3109
40 3434
73 2909
28 3198
11 2628
84 2272
11 2532
6 2793
14 3981
99 3517
95 2982
70 2962
5 3049
95 3703
33 2818
87 4018
56 3655
91 3921
91 3728
20 2848
19 3683
83 3664
82 2972
81 3525
85 2325
36 3989
29 2544
47 3513
41 3435
57 3500
18 2506
49 2515
3 2522
89 3804
65 2482
