46 3101
44 2131
65 3894
61 1306
39 4747
91 1588
16 2018
6 2294
67 1338
16 3590
82 2205
71 4585
88 1898
65 2951
49 4557
82 1119
6 4649
61 2403
1 3203
8 2685
31 1704
64 3774
87 4388
17 3979
51 3792
2 1801
97 1635
73 2646
70 2086
19 4486
30 4714
19 2295
82 2085
7 4230
63 1651
82 2542
84 2308
80 4299
39 1854
79 2248
25 3478
16 1512
6 3178
12 1063
71 1869
27 4695
44 1562
43 2938
53 4645
86 3084
83 3649
36 2155
9 3052
89 3242
47 2944
11 1267
28 3948
45 3890
74 3121
5 1078
23 1301
23 3167
50 4047
61 3548
11 2962
12 3656
29 3086
74 3487
100 1911
82 4529
78 3480
18 3302
8 2636
5 3020
57 1731
29 3456
15 3417
10 4061
37 1345
1 1907
61 2689
66 3790
2 3341
75 2509
24 3692
30 2258
80 2231
84 2732
65 2290
10 3946
49 1168
91 2144
65 3578
76 1370
80 1071
70 1533
35 2278
95 1982
38 3542
85 1704
