79 3832
41 4554
54 4745
46 4061
97 4796
51 3875
41 4521
54 3939
86 4242
89 4232
74 4185
7 4507
17 3800
84 4243
81 4436
85 4638
9 4436
90 4601
79 4374
41 4637
82 4223
1 3846
25 4457
59 3859
77 4326
43 4516
18 4206
16 4522
100 4820
64 3865
20 4350
87 4626
22 3810
77 4272
91 4232
16 4302
71 4607
44 4249
17 4433
66 4289
82 4671
38 4539
82 4265
69 3789
24 4062
65 4768
70 3784
52 4362
18 3768
75 3814
69 4529
40 3964
56 4546
79 3977
47 3777
97 4648
68 4093
58 4372
76 4292
18 4511
34 4322
48 4349
13 4569
10 4154
30 4536
41 4344
12 3901
75 3936
46 4626
96 4071
52 4039
36 4367
50 4117
65 4000
30 4399
82 3966
11 3769
95 4658
27 4486
100 4204
20 4638
17 4235
40 3964
98 4508
37 4227
98 4579
84 4536
62 4300
66 4444
96 3842
64 3905
60 4299
14 4512
62 3800
39 4438
4 4803
77 4201
82 4208
14 3970
3 3949
