45 5085
80 2728
71 4614
4 2758
14 3153
45 2524
76 5033
99 1576
68 1434
8 1851
6 4654
60 2390
92 2254
25 3171
78 2348
58 1237
4 1952
72 4428
40 1917
54 4222
68 2398
48 4562
5 4059
20 1378
83 3621
62 4660
86 2327
47 3642
32 4669
4 4035
41 3840
52 2511
32 2571
94 4742
30 3604
36 3750
44 4086
19 3918
86 2124
97 1163
27 1673
28 4044
54 4246
71 4935
67 1645
26 4738
95 2255
6 4313
42 2216
24 4735
81 3421
70 3224
65 1458
32 4123
59 3956
14 3042
92 4706
33 4728
84 3284
52 1552
41 1958
74 2101
68 3351
87 4686
82 3454
72 1296
73 3961
52 4080
48 4487
32 2744
12 3727
93 4453
14 4805
88 2131
78 4793
45 2615
78 3429
92 2874
29 2662
14 1702
33 2808
26 4715
16 3679
40 2719
28 4525
48 3130
33 4809
77 3771
31 4443
31 4284
93 2661
68 3171
76 1301
46 3223
54 5151
57 4697
94 1420
30 3677
52 2579
51 3171
