73 3224
7 1911
30 1619
58 3843
60 4550
69 2136
6 1943
61 4408
57 4447
90 3849
12 1672
43 2057
41 3197
72 4277
14 2636
18 2491
73 1903
56 3907
81 1834
77 2346
2 2820
92 2386
30 4487
10 2803
29 4342
24 3015
21 2578
15 2502
45 3469
12 2442
41 2807
35 2118
41 3643
76 2140
88 2019
89 4022
39 4019
99 2712
96 3266
8 2291
49 4515
88 3181
77 2328
75 2437
52 3748
27 3168
60 1784
88 1540
5 3049
8 4119
86 3055
49 1704
23 4015
48 1544
68 3877
91 3965
20 2092
99 3381
65 3702
59 2021
98 3603
86 3464
30 3486
88 2295
84 1685
9 4285
35 1896
25 4383
42 3526
71 3286
53 2858
89 1746
95 2806
70 3524
58 3907
63 4306
41 4523
54 3178
34 2712
5 3116
92 1830
28 3887
61 2537
17 2974
28 2733
73 1602
9 2237
84 1579
39 2313
21 2943
65 4501
98 4564
25 2275
6 2796
64 1914
22 2795
79 2865
81 1881
19 2889
16 3612
