62 1296
2 2804
15 2691
10 1753
88 1629
55 1371
4 2117
84 1193
29 2245
35 1398
29 2321
36 1894
40 1857
74 2861
12 1362
96 2314
78 3132
97 1102
74 1108
59 1839
94 1179
64 1813
22 2647
30 2236
92 3082
50 2169
49 2512
85 2681
73 2256
33 1090
17 1170
23 2463
87 2242
98 1654
42 1807
91 2230
21 2779
66 3123
32 2390
77 1293
21 2531
87 3148
26 3112
58 1154
93 1983
84 1999
70 1876
60 1727
56 2592
55 2879
49 1161
74 2897
12 2075
91 2298
69 1462
77 2680
55 3151
56 1104
95 1637
50 1102
34 3027
4 1463
98 2405
93 1271
77 2384
81 2771
47 1236
14 1999
95 2039
78 2960
77 1322
5 3129
10 2489
8 2141
35 2113
57 2621
4 2123
31 1476
1 2147
75 3032
77 1991
34 2595
85 2416
51 1803
24 1097
58 2440
21 2727
84 2650
7 1310
10 2249
82 1315
15 2908
86 1567
40 1432
82 1785
53 1446
8 1523
66 1162
90 2409
23 2185
