37 5394
47 4520
23 4400
98 4174
41 2016
11 2635
81 5639
88 4006
25 3033
76 4330
63 5525
10 2431
78 2914
21 4884
28 5837
13 4793
33 4345
53 3590
87 2763
12 2990
34 2150
84 2027
31 4520
21 5536
98 3506
42 4145
94 3767
85 5180
41 2939
23 2036
31 5002
3 5603
17 2704
30 5722
41 2715
81 3235
16 3780
9 4937
28 3233
21 3872
55 3308
70 3518
7 2682
6 2173
87 2495
93 3388
65 5806
91 5748
59 4066
32 5389
76 3566
69 2449
50 2420
51 2385
10 3627
51 3104
38 5578
96 2287
28 2610
58 2929
91 4076
100 5479
93 2857
19 2392
35 5527
55 3084
87 5357
21 4648
60 4269
72 4382
13 4513
50 4780
43 5235
71 4974
31 4483
5 2899
15 4975
64 2694
77 3576
90 4794
68 4511
70 2404
68 3369
59 2527
2 5673
16 5467
27 2814
18 3197
73 2183
33 2375
89 3219
29 2266
82 2780
8 4371
12 4774
40 2865
83 2253
8 4992
48 2611
97 4416
