82 472
26 1122
91 1786
51 1397
8 375
100 815
16 1366
91 1514
23 1468
88 115
1 1543
52 1011
26 73
85 529
12 871
24 1237
45 400
17 1312
10 1535
52 1487
65 37
8 421
72 1213
8 36
67 583
10 499
65 1582
30 558
64 848
1 1262
33 394
21 1511
21 5
62 1876
92 1820
57 26
46 295
91 461
29 1914
100 1555
8 1665
83 479
43 1280
54 1109
26 335
26 619
2 410
65 1452
91 1323
80 921
75 355
37 582
19 1343
79 1946
59 1401
67 525
93 1605
44 1914
64 953
95 1439
79 1027
98 1327
73 1333
12 467
15 1364
68 388
27 1748
58 168
68 1405
71 338
21 1288
23 1323
17 656
66 1850
66 1585
39 307
52 906
48 1775
77 69
66 1243
46 818
32 1854
80 257
52 1765
91 258
46 560
37 1052
48 502
18 646
48 719
23 714
49 1960
69 375
20 1525
32 1066
9 884
97 1239
11 1033
55 903
52 112
