46 3442
85 1495
97 2900
79 1594
54 3589
28 4185
38 2348
87 2123
49 894
48 534
84 530
31 3693
25 2919
27 1560
88 573
20 878
27 4119
5 2343
69 3978
6 1143
52 2125
98 927
3 1365
96 2378
78 1118
65 1880
14 3516
61 780
57 3696
34 72
100 4185
52 545
49 1373
82 1263
92 1662
93 2885
82 2574
35 3396
46 3553
90 194
10 2405
37 2711
81 1389
92 2078
33 1075
92 3257
30 2896
80 3514
85 3243
83 565
35 2431
92 1483
96 426
49 1363
70 467
10 2507
26 386
11 5
59 953
55 3557
9 2603
89 1968
51 4055
72 3277
18 304
10 2761
35 494
73 1763
68 3998
21 1144
63 2259
18 3959
1 1293
74 3012
23 1997
35 1698
90 831
51 2705
96 763
39 4104
95 3790
4 873
7 447
66 1452
79 264
16 2263
40 1089
47 393
90 3928
22 2550
25 2937
68 2382
54 1423
78 986
41 2810
48 2417
55 970
15 805
5 3180
60 3352
