9 1053
34 995
64 3215
64 2774
17 2417
49 1567
92 2787
11 2638
90 4048
11 3372
72 2814
81 1698
87 1258
87 2106
26 4010
70 2946
34 2701
12 3330
93 3908
63 1263
45 2131
86 4099
39 4404
7 1988
74 3463
1 1279
4 3114
31 2688
2 4031
44 2054
34 2821
12 3303
38 3768
22 3516
64 1270
64 2668
64 3460
63 4007
18 3577
72 3111
11 1812
20 1403
62 3203
43 2443
4 2156
35 3836
58 4448
77 4518
77 4254
24 4587
36 1810
34 3731
35 2771
77 3984
28 3971
65 2563
48 2000
99 2778
50 2691
27 2274
71 2078
98 3267
93 1474
98 1099
30 1074
78 2083
93 2809
57 1734
61 1345
14 4355
87 1362
12 3153
100 2656
4 3141
41 4260
24 3976
77 3680
23 1205
61 1869
61 1403
63 3475
73 2670
47 1846
8 1547
61 1554
88 1374
33 3846
5 1437
14 2248
11 3913
88 3972
80 2416
21 4549
6 4306
28 3810
17 2612
39 2950
15 1081
13 1688
4 4405
