83 3432
89 4041
96 3918
8 4504
53 3651
64 3015
95 3807
78 3636
65 3134
5 3685
72 3216
99 3840
53 4309
20 4962
39 4577
38 3323
10 4215
12 3194
10 3881
47 4183
49 4250
24 3360
10 3238
6 3420
15 4512
60 3751
58 4223
82 3319
32 4777
45 4045
27 3099
78 4669
3 4625
54 4915
16 4245
80 4552
41 4311
17 3182
83 4118
28 3333
73 3512
76 4378
48 4788
89 4290
97 3443
97 4883
62 3572
75 4943
56 3285
94 3496
7 4937
73 3034
55 4214
40 4006
40 4790
37 3063
45 3537
3 3602
99 4170
30 4980
44 4578
92 4347
79 3198
53 4041
45 4859
38 3199
80 4501
49 4983
39 3743
35 4946
16 4572
70 3577
73 4490
15 4727
69 3301
39 3514
100 4320
98 4175
75 4370
34 4049
22 4573
17 3743
28 3147
4 3481
56 4864
98 3716
1 3490
57 4886
20 4611
52 4163
84 4843
47 4800
69 3990
10 4845
3 4177
73 3249
91 3150
18 4394
50 4473
15 4716
