85 4232
51 4190
21 2571
59 5340
54 3290
32 3426
55 4188
57 4815
10 4575
11 5226
12 3100
28 3177
58 4209
10 5145
52 5236
12 3531
89 3840
59 3555
40 4659
11 4565
37 4584
77 3197
24 3367
50 5034
53 4417
38 4765
99 4120
4 5351
32 3295
14 2851
10 4424
30 4414
72 5018
94 3578
56 5003
12 4593
59 3126
100 3076
58 3120
97 4861
97 2608
78 2931
56 4484
71 3528
100 4905
61 3570
91 4883
79 3430
81 2656
42 5037
82 5150
25 3489
80 4989
40 3191
22 2851
28 4394
69 4878
45 5208
87 3116
71 2702
12 3307
22 4821
17 3032
6 4153
14 4121
61 4604
46 5391
60 4912
6 2945
18 4216
61 3722
26 4148
91 5080
9 4380
50 2581
81 3788
31 5242
44 2572
87 5384
32 3503
94 4408
58 4164
60 3136
90 5136
38 3741
13 4494
66 3927
41 3396
56 3522
89 5274
12 4845
47 3604
20 2471
93 4880
31 5209
21 2742
42 4125
17 4511
92 2880
54 4322
