72 3285
27 2733
7 3087
51 2609
50 2690
21 3130
94 3238
18 3426
85 3260
21 2918
55 2683
51 2973
52 2722
18 2498
84 2932
94 2495
11 2619
31 2525
25 2704
96 3375
13 2540
47 2728
43 2619
23 2725
85 3428
29 2606
49 3001
79 3379
5 2677
62 2715
54 3020
47 3424
33 3052
28 2899
4 2949
85 3084
8 2719
63 3348
97 3060
24 2810
52 3369
5 3429
80 2539
57 2514
66 3216
84 2836
29 3113
93 3344
51 3068
15 3385
12 3122
70 3275
92 3217
56 3223
96 2530
16 2534
85 3044
41 3061
14 2690
25 3198
89 2971
77 2775
4 3263
9 2893
37 3098
30 2737
76 3164
87 3081
46 3431
71 2498
2 3160
26 2913
73 2531
70 2514
1 3423
42 3090
34 2919
69 3137
30 2975
71 2614
99 2765
68 2512
96 2607
28 2792
61 2965
2 2605
3 3069
45 3396
18 3355
63 2502
84 3054
71 3323
23 2472
64 2625
67 2930
90 2728
64 2776
25 3315
93 2538
45 2637
